para	r1	r2	r3	r4	r5	r6	r7	r8	bin
state1	1.3531873735028532	1.261549790296899	1.3101461674471062	1.3407781042856843	1.3179836996027794	1.328983243735955	1.3478686460911096	1.3466500951955656	50000
state2	1.330573658895572	1.3141551896408736	1.3122389869546567	1.3291133467531047	1.3082791494192056	1.315952758958248	1.3219328651337805	1.3124356873450822	50000
state3	3.8214137922520485e-9	4.475161610660625e-9	3.887286529649389e-9	4.156104316831439e-9	3.895198351941912e-9	4.227725934621695e-9	2.6340804615284884e-9	4.00906800608573e-9	50000
state4	1.4651163651556	1.4201720001542606	1.4400080440303074	1.4613996046655306	1.4408462572089695	1.451415988253857	1.4611105106261713	1.4568618552461425	50000
state5	0.5234712186711747	0.5075721985976104	0.5155405481635434	0.5235888550558004	0.5170537924659316	0.5181425527796812	0.5233394930044603	0.5215088850958997	50000
state6	0.39181793893467626	0.3940076114392007	0.39427001578890514	0.3962647458359459	0.3954330218743828	0.3972403623520531	0.40044141502455854	0.39587044574749564	50000
state7	3.8214137922520485e-9	4.475161610660625e-9	3.887286529649389e-9	4.156104316831439e-9	3.895198351941912e-9	4.227725934621695e-9	2.634080461512845e-9	4.00906800608573e-9	50000
state8	1.1500938997005896	1.1093153470501633	1.1275328016831836	1.1470179851574944	1.1269164551180713	1.137423960852399	1.1486016120369873	1.1418511453334534	50000
state9	3.8214137922520485e-9	4.475161610660625e-9	3.887286529649389e-9	4.156104316831439e-9	3.895198351941912e-9	4.227725934621695e-9	2.6340804615284884e-9	4.00906800608573e-9	50000
SV	3.8214137922520485e-9	4.475161610660625e-9	3.887286529649389e-9	4.156104316831439e-9	3.895198351941912e-9	4.227725934621695e-9	2.6340804615284884e-9	4.00906800608573e-9	50000
SNP_para1	1.1912838910085923	1.1782359564287577	1.1847782160687985	1.186288226260051	1.1783160666379187	1.1844476728520097	1.185111643308746	1.1881960901999216	50000
SNP_para2	0.0870786651286124	0.08654508668051018	0.08682047137164166	0.08696060132133938	0.08672256195585756	0.08684722593148088	0.08696687107686976	0.08696169136424295	50000
IR_para1	0.43282262217988454	0.41531912514577246	0.42311652041603964	0.4308604870758441	0.42216217787353755	0.4270373646786915	0.43039257707354583	0.429604814420627	50000
IR_para2	48.41795643682972	7.021592293234332	14.9402571718579	83.79787180758183	70.96269663180702	51.53234966113133	56.21951465919285	65.98451436625125	50000
IR_para3	5.424010312563299	3.6328571875980122	4.323986676964104	6.090687233410536	6.082259531947725	5.645100238294138	5.643658261351559	5.855259125357083	50000
state1	1.674813682804832	1.5846269401561253	1.3875345647352715	1.5074068710209116	1.6219788837256943	1.3621882340119502	1.5019005575335265	1.4857594164578314	100000
state2	1.611723828829615	1.7744914464415413	1.542126645832298	1.712600581356285	1.648425519344424	1.6385770130524413	1.6149743453449878	1.7795539400689102	100000
state3	4.893856435892307e-12	7.172070022750907e-12	3.4388819822889557e-9	5.190998415346005e-10	2.74507296489177e-11	3.711567611011335e-9	2.699464622174811e-9	7.745472973156077e-10	100000
state4	1.689899431586236	1.6444745308049407	1.4583368123493705	1.5887523411242366	1.6734108947400597	1.535339850403072	1.482479513418734	1.6321707377184225	100000
state5	0.6249271969992263	0.6890083375509846	0.5650779513665998	0.626697135252261	0.6421701896468708	0.5881088657331578	0.5822964900517505	0.6561546343603695	100000
state6	0.0015438091510000225	0.01968688165933707	3.4388819822889557e-9	0.03140147888071034	0.05914041913052925	3.711567611011335e-9	2.699464622174811e-9	7.745472973156077e-10	100000
state7	4.893856435892307e-12	7.172070022750907e-12	3.4388819822889557e-9	5.190998415346005e-10	2.74507296489177e-11	3.711567611011335e-9	2.699464622174811e-9	7.745472973156077e-10	100000
state8	1.5000818069774016	1.5898133076015561	1.3289351574249906	1.46648620744894	1.5393972716438311	1.401925364692583	1.363576246370102	1.5262462840440878	100000
state9	4.893856435892307e-12	7.172070022750907e-12	3.4388819822889557e-9	5.190998415346005e-10	2.74507296489177e-11	3.711567611011335e-9	2.699464622174811e-9	7.745472973156077e-10	100000
SV	4.893856435892307e-12	7.172070022750907e-12	3.4388819822889557e-9	5.190998415346005e-10	2.74507296489177e-11	3.711567611011335e-9	2.699464622174811e-9	7.745472973156077e-10	100000
SNP_para1	1.0025831160066145	1.0568474423759475	1.056494295761854	1.0389633921921542	1.0213439055238953	1.0200929002764423	1.0309496598487882	1.044816179863401	100000
SNP_para2	0.0836238011890054	0.08671740135174975	0.08460446764688727	0.08486151930575339	0.08489383611874537	0.08405875915301862	0.08397949854376721	0.08556151275930145	100000
IR_para1	0.4230036800865562	0.44293676183958625	0.38253121299489157	0.41698115986645223	0.42962627285357335	0.3934121628926942	0.3873022282230718	0.43111618154648446	100000
IR_para2	58778.01418504585	83494.59776544858	16.519780744696373	1990.3271393938269	88207.18390827988	16.341217395302433	132.93715783839153	518.4646887854527	100000
IR_para3	9.356278030909982	9.506188444568474	3.3660302633648898	6.781941165078378	9.646168087372109	3.354413090470896	4.8641205714762705	5.715333318004956	100000
state1	1.3143063734418456	1.3893043025018412	1.21533570731272	1.1680259019406063	1.0305668898855533	1.2465167247769664	1.178138242645245	1.3324841786942885	200000
state2	2.1161091157170353	2.0203853994927163	2.3343607226683134	2.4029077002484263	2.4525091205867406	2.26402742111929	2.259950464014578	2.136236037160796	200000
state3	1.4407356916867637e-9	3.056287653630985e-9	2.2257028127269425e-9	6.560398244064911e-10	8.604169992713752e-12	2.052378137700251e-9	7.349844659598643e-12	3.2813834552219523e-9	200000
state4	2.027157557206941	2.151695736054031	2.1543383094848956	2.04957139142607	2.040772959257543	2.1086725488506417	2.0028884152856703	2.0970881416441625	200000
state5	1.064143816400637	1.1044602727148147	1.115890917771679	1.0899428519160337	1.0840775675786642	1.0961428197046303	1.1333853366221542	1.095122509262589	200000
state6	1.4407356916867637e-9	3.056287653630985e-9	2.2257028127269425e-9	6.560398244064911e-10	8.604169992713752e-12	2.052378137700251e-9	7.349844659598643e-12	3.2813834552219523e-9	200000
state7	1.4407356916867637e-9	3.056287653630985e-9	2.2257028127269425e-9	6.560398244064911e-10	8.604169992713752e-12	2.052378137700251e-9	7.349844659598643e-12	3.281383453494777e-9	200000
state8	2.2862492353509247	2.377779025466352	2.446107963562805	2.350492889350487	2.314259006399353	2.387949323966953	2.328571243314099	2.358733936936251	200000
state9	1.4407356916867637e-9	3.056287653630985e-9	2.2257028127269425e-9	6.560398244064911e-10	8.604169992713752e-12	2.052378137700251e-9	7.349844659598643e-12	3.2813834552219523e-9	200000
SV	1.4407356916867637e-9	3.056287653630985e-9	2.2257028127269425e-9	6.560398244064911e-10	8.604169992713752e-12	2.052378137700251e-9	7.349844659598643e-12	3.2813834552219523e-9	200000
SNP_para1	1.0723667532245778	1.0452833780165183	1.0393998300568346	1.0276190549967892	0.994779836338855	1.0466185697600328	1.027258085005252	1.0590865855997853	200000
SNP_para2	0.09609861696722631	0.09595727532377774	0.09542916261206909	0.09467926654778666	0.0929144689648291	0.09573550049665996	0.09470036382406907	0.09617030129861959	200000
IR_para1	0.5253976726833912	0.5373096303104	0.552106672966571	0.5297866840005583	0.5211080056578049	0.5400208596316401	0.5258433446040266	0.536227824343059	200000
IR_para2	120.60494147464047	98.54488100001052	307.34261520890897	1619.9457218264074	94510.03643879313	268.49576930452537	127686.63544891597	122.82815694176034	200000
IR_para3	3.6690640059429778	3.5209934486039978	4.298157079488042	5.503224684446583	8.76192869950298	4.212102070544236	8.910463509803764	3.6412456174908954	200000
state1	1.0286070177782316	0.7571767877222568	0.3104200567742829	0.9458849940875199	0.5766244699218467	0.5691504750669316	0.8787463866912709	0.4406612970871492	500000
state2	1.060210956705697	1.4453848773371785	2.104765581667877	0.9155651676141545	1.5265186075399935	1.0471091501007974	1.2126941101970232	2.0163827948519115	500000
state3	2.868493286988277e-12	7.772195350214675e-10	1.09875619043e-12	2.5039625308864463e-12	1.4240899765379354e-12	3.660872804761891e-12	3.4822334672300835e-10	8.703384019407778e-12	500000
state4	1.4355971721404746	1.4340644292990496	1.2709890946316913	1.0225546498469993	1.1893017007254305	0.7388709264083482	1.2428810740181897	1.801695282270926	500000
state5	0.3968573819833871	0.47969077565946383	0.4908188969221129	0.34616322701150926	0.4188071718495765	0.30554998911050896	0.3737526346190625	0.5901196705708818	500000
state6	2.868493286988277e-12	7.772195350214675e-10	1.09875619043e-12	2.5039625308864463e-12	1.4240899765379354e-12	3.660872804761891e-12	3.4822334672300835e-10	8.703384019407778e-12	500000
state7	2.868493286988277e-12	7.772195350214675e-10	1.09875619043e-12	2.5039625308864463e-12	1.4240899765379354e-12	3.660872804761891e-12	3.4822334672300835e-10	8.703384019407778e-12	500000
state8	1.3587859776926814	1.4427282660146965	1.4933867263746274	0.998124952130078	1.2285944246692888	0.6916867374630699	1.168447566995006	1.875286033273497	500000
state9	2.868493286988277e-12	7.772195350214675e-10	1.09875619043e-12	2.5039625308864463e-12	1.4240899765379354e-12	3.660872804761891e-12	3.4822334672300835e-10	8.703384019407778e-12	500000
SV	2.868493286988277e-12	7.772195350214675e-10	1.09875619043e-12	2.5039625308864463e-12	1.4240899765379354e-12	3.660872804761891e-12	3.4822334672300835e-10	8.703384019407778e-12	500000
SNP_para1	1.541889479885481	1.6004969567953498	1.5801114463802426	1.6840761520057559	1.5673724552950377	1.6013123061081243	1.5455759492073322	1.3629453184263425	500000
SNP_para2	0.09074290099490148	0.09356594643582956	0.09423636973729295	0.090671760995254	0.09054720517223036	0.08422697402495127	0.08768963473287604	0.09314496286869363	500000
IR_para1	0.42993001490670013	0.4554304213560475	0.45284487055789846	0.3420045978857663	0.3956780168687069	0.25471778308691956	0.3873695885230913	0.5159334834621455	500000
IR_para2	54697.839029877505	90.36030137375597	208025.92019365818	153880.3732884662	299934.30500065093	86942.32409435081	502.9718811090127	81045.07039378886	500000
IR_para3	8.044383517917648	3.47550641987736	9.443541113608468	9.146550975724251	9.705454568888152	9.034963070846143	4.744956817424614	8.553735446929608	500000
