sum_chi_square	label	label_2	constant	linear	exponential	convergence
1656.5158143483288	1	1	8.416430305484058	1e-10	0.039961771496789804	0
1661.4767712474384	1	2	7.367200219841102	0.1776861866250016	0.030623828772634074	0
1661.3135842329443	1	3	7.423339560905537	1e-10	0.010384638113163489	0
1661.1478967367393	1	4	1.5611784794817218	9.999999960041972e-11	0.011913489164507778	0
1660.3137102066746	1	5	1.450200935005446	0.13103189445287527	0.07998369334883994	0
1661.5892662299675	1	6	1.474022696729205	0.11236941243981421	0.0561717424045525	0
1661.880800809089	1	7	1.491209949416062	0.050433878783010096	0.030046766993464657	0
1661.6788127016387	1	8	1.4894806482160572	0.11313275673174694	0.05831275447501313	0
1659.783756957533	2	1	4.586507107818457	1e-10	0.020904493850436245	0
1661.879800660033	2	2	8.621616181423077	1e-10	0.002546649465614671	0
1661.8179384600817	2	3	4.309814901795371	1e-10	0.004013188545326237	0
1661.75594804913	2	4	8.641662390614483	1e-10	0.00521266816264434	0
1660.0482396956627	2	5	5.822165123001093	1e-10	0.01923425795512871	0
1661.9023670484673	2	6	6.212803271796013	1e-10	0.001399469321464124	0
1661.858685514853	2	7	3.6656129012319463	1e-10	0.0029365444220562976	0
1661.7710313807986	2	8	10.090258889130698	1e-10	0.005665516209824503	0
1657.422751142303	3	1	1.4622572669709963	1e-10	0.03026701549879295	0
1661.2847940244726	3	2	8.971529931789265	0.24092041626916405	0.03404061359195638	0
1661.1505816825552	3	3	1.4833184014278518	1e-10	0.010834490455506584	0
1660.991815880341	3	4	1.456999082645762	1e-10	0.011983469630464845	0
1659.836504957319	3	5	2.2356135086279223	0.21381756105585067	0.08514278336220771	0
1661.537910100721	3	6	1.304051066822997	0.10560536996096793	0.061285374902683085	0
1661.8164114311364	3	7	2.400110223972313	0.09512912088466173	0.03680986008742916	0
1661.5788007532599	3	8	5.447361082762379	0.42645034922479236	0.061891244785394664	0
1659.6196688623509	4	1	2.0131125321453003	2.2302869988310683e-4	0.020060989581459424	0
1661.7838164640755	4	2	2.0593314200777857	1e-10	0.00499076860479988	0
1661.6997165507555	4	3	1.9263219496245596	9.999999981726015e-11	0.005856936243035219	0
1661.6156411200297	4	4	1.999970337268522	1e-10	0.006938825214788286	0
1659.9919721089007	4	5	2.001691469040761	1e-10	0.017452736177488784	0
1661.8438792181114	4	6	1.9972975897049343	1e-10	0.0033434363852283054	0
1661.7737033102417	4	7	1.9721535278985052	1e-10	0.004455628977563144	0
1661.63784758412	4	8	1.9938438594486498	1e-10	0.007277910688366079	0
1656.7648106457157	5	1	7.846020172132139	1.0000000003410059e-10	0.03273239903469939	0
1661.1168158432486	5	2	6.2192116757223515	0.09307761130276163	0.02539824339590747	0
1660.8299815460573	5	3	6.220337763394858	1e-10	0.013584312009017593	0
1660.6857075927292	5	4	8.452671620463466	1e-10	0.014230865645913807	0
1659.9703970089995	5	5	5.674004875496691	0.35684815280352816	0.06617774655181204	0
1661.6733506511991	5	6	6.960437470550225	0.41878976572786564	0.04987642830139165	0
1661.7762372857449	5	7	3.813823347905774	0.098069268310968	0.02768995694642035	0
1661.659779577249	5	8	2.3518881752227188	0.12243046328347242	0.046815209787850774	0
1658.8325323859249	6	1	2.894868253750691	9.999999960041972e-11	0.02487289939116141	0
1661.6517143807123	6	2	5.394219176236226	1e-10	0.007387158792809116	0
1661.4889896056966	6	3	1.287443350020947	1e-10	0.009247317574900889	0
1661.385565082178	6	4	1.016925812286904	1e-10	0.01009096025735013	0
1659.3763946741537	6	5	3.4368057096988824	1e-10	0.021304142538101516	0
1661.7577974284995	6	6	2.8144016969442345	1e-10	0.005137112851758734	0
1661.6285670195912	6	7	1.3842573926435273	9.999999960041972e-11	0.006976372168527419	0
1661.3891316019187	6	8	1.0210336642457813	1e-10	0.011085642442159717	52
1657.2554278716257	7	1	9.0925225563433	1.0000000003410059e-10	0.030242104830609594	0
1661.238211158149	7	2	5.9225900984878	0.06436632076990148	0.020466775152853972	0
1661.048635127989	7	3	1.6919149615592475	1e-10	0.011262658325893246	0
1660.5896182122817	7	4	8.70118411815683	1e-10	0.01589820937914117	0
1660.289126160082	7	5	6.028941291879257	0.3354358528343819	0.05919769517625889	0
1661.7027829597746	7	6	6.6006458359112	0.3817428691364942	0.047427393022663536	0
1661.8251895123447	7	7	8.875875816676068	0.20203780860695825	0.02387290692465729	0
1661.6687841208384	7	8	3.691754628727411	0.20266358033638346	0.048552062156470614	0
1659.359420201232	8	1	4.365416518279563	1e-10	0.02115386224893865	0
1661.7286358017993	8	2	5.641000734655667	1e-10	0.005697858296788161	0
1661.6228269270187	8	3	9.704050731449316	1e-10	0.00677060381198121	0
1661.4054199797915	8	4	1.2551727653442506	1e-10	0.010295516529359564	0
1659.0619480506539	8	5	5.806434086017106	1e-10	0.02463090439230838	0
1661.7699066488228	8	6	3.4565593376619637	1e-10	0.005248857487200417	0
1661.6589766451584	8	7	9.744464480612026	1e-10	0.006722404485360021	0
1661.0484867154228	8	8	1.0178557526733152	1e-10	0.019485829284722034	0
1655.3561076066449	9	1	1.5506375642707488	0.028286354770783253	0.052627008815201236	0
1660.2244413922338	9	2	4.186324186795113	0.1928928960516598	0.05498697054701096	0
1660.2479323301486	9	3	1.4728648551222867	0.003236428990190548	0.01798181884719419	0
1659.8836419272054	9	4	1.476652120820408	0.04252222996207445	0.043408116454790056	0
1658.759849397787	9	5	1.3967349861764853	0.14045026469253613	0.08993569762165027	0
1661.0151435478836	9	6	1.4277072539141535	0.138892403391211	0.07565613755243246	0
1661.3669712551264	9	7	1.4605314304491348	0.08085574554764068	0.052498711652795016	0
1660.9232443245307	9	8	1.3798393365116515	0.13741185134633843	0.07808558920160043	0
1657.976858884176	10	1	7.876924888959193	1e-10	0.02633323840178858	0
1661.1182505653057	10	2	5.26087083828691	1e-10	0.013028169824493683	0
1661.0821764384855	10	3	1.4237389309248294	1e-10	0.011626516759320594	0
1660.848565641224	10	4	8.518230659232584	1e-10	0.013653555151224819	0
1658.4148741084655	10	5	7.640448483588674	1e-10	0.024170590448043355	0
1661.344701107775	10	6	2.6967312664007244	1e-10	0.010154672169467955	0
1661.2585520205446	10	7	1.4078770781537422	1e-10	0.009850988115684366	0
1660.7287684883106	10	8	7.426252867688098	1e-10	0.016207127026837773	0
1655.318634212893	11	1	1.4184419331862346	0.05139125580350143	0.06446524592554019	0
1659.6939746077096	11	2	7.647477187494855	0.365062428927369	0.058938924344549753	0
1659.8736819934338	11	3	1.4649208499519957	0.012781178806705103	0.025676942345750433	0
1659.4924291492375	11	4	1.3509658076706075	0.045269186118322056	0.04825716892790951	0
1657.6903526050571	11	5	2.2725187172448162	0.2553032611541713	0.10054653627217568	0
1660.4642951293886	11	6	2.4551491273598374	0.2734263847407517	0.08856732982301786	0
1660.9244208109537	11	7	1.8207642047524786	0.12035523335880541	0.0638182104153363	0
1660.4193039605452	11	8	1.2628963031563405	0.13825729131601835	0.0870967579090123	0
1657.3599082869503	12	1	2.026368518553993	1e-10	0.027874753066484632	0
1660.517171137266	12	2	2.004390596366581	1e-10	0.01883410648346619	0
1660.6654429731063	12	3	2.0126558515092987	3.1126879345487315e-5	0.014812651373204158	0
1660.3715599432228	12	4	2.0002262169034006	1e-10	0.01694511403423261	0
1658.073641915862	12	5	2.0037250170553818	1e-10	0.024237212795685845	0
1660.985504464009	12	6	1.9563213424900088	1e-10	0.013452263922772637	0
1660.970277582439	12	7	2.0824652845274985	1e-10	0.01189070846091024	0
1660.282144338662	12	8	1.9910560041941994	1e-10	0.018893690297942647	0
1654.9842055229726	13	1	8.486128803362885	0.10045533332489019	0.045019149428949495	0
1659.5755263940955	13	2	2.7593155312358983	0.08614506509556111	0.04696506898308228	0
1659.4242437537478	13	3	1.4554236696506198	0.004338707672431188	0.022517543500092257	0
1659.1123218981518	13	4	1.3711982958646456	0.004252705088788088	0.023986159450827167	0
1658.2085282779956	13	5	7.638315383716419	0.5519318404704491	0.07726957847155998	0
1660.8076966114627	13	6	5.236746611592033	0.4058712043565067	0.06919794501863923	0
1660.8664012504955	13	7	1.5135305393636072	0.06504941065663275	0.04930514326710606	0
1660.6685753910422	13	8	4.368770319111973	0.30865716087148876	0.0662096878851187	0
1656.3915065201895	14	1	6.477607526511648	1e-10	0.03221417642133088	0
1660.0715621639727	14	2	1.0639611715594173	1e-10	0.022212784039543184	0
1660.052416633811	14	3	1.3694584783952926	1e-10	0.019930787060484696	0
1659.7470393150284	14	4	0.9828229283399188	1e-10	0.021681921575275716	0
1657.3327006407992	14	5	6.490480591762666	1e-10	0.027456574939749952	0
1660.6985952814316	14	6	0.9823307558075548	1e-10	0.015547680363072735	0
1660.5470880218238	14	7	1.3548219194939854	1e-10	0.015428387550466655	0
1659.5620441133244	14	8	0.9813369904632783	1e-10	0.024683625666795127	0
1655.549302091789	15	1	9.178543972028029	9.999999981726015e-11	0.03158084115712041	0
1659.8800707587786	15	2	3.5667972573917845	0.09030900588387772	0.040272519632457815	0
1659.8513012239648	15	3	1.4357816566600947	1e-10	0.01660694400675076	0
1658.8614977032973	15	4	1.539223180483617	0.007893830286876046	0.028349419732235343	0
1658.733336587338	15	5	6.509798208987121	0.42294711815136926	0.07011439525387826	0
1661.0236587984834	15	6	5.810426989522	0.41612308669057646	0.06335451137890824	0
1661.1492622940432	15	7	1.4801065407819936	0.05296402653571295	0.04082795007920572	0
1660.6447356731528	15	8	6.07111748506765	0.46202029950797513	0.06983227570950523	0
1657.2614841184864	16	1	6.8402117648970755	1.1286633235967914e-4	0.02768199981986231	0
1660.5456456196684	16	2	1.8857583259285062	1e-10	0.017104927548464675	0
1660.5727364972404	16	3	1.3681782205625843	1e-10	0.014828662768006939	0
1659.7043746085458	16	4	1.3776512582282552	1e-10	0.022810975026373595	0
1656.796372532789	16	5	7.976029164727916	1e-10	0.03132022582143999	0
1660.6204821428755	16	6	1.051177530293426	1e-10	0.017211248520384453	0
1660.5949027396957	16	7	1.3666346987052345	1e-10	0.0154236198961314	0
1657.3881380028395	16	8	1.0534017403210785	1e-10	0.049078503418739636	0
1658.3678645065752	17	1	5.504357505184168	0.8972275743966504	0.11500564382695237	0
1660.519199077193	17	2	3.90571406099028	0.5454149262018302	0.08951677495397325	0
1661.3148771000906	17	3	5.47879687669772	0.4785078054510635	0.06798277393124261	0
1660.1509411197317	17	4	1.3730114228367938	0.24100027986356498	0.10610188644815395	0
1658.9479143323165	17	5	1.428949301871034	0.2590964710455758	0.1105214854743329	0
1659.3460823132984	17	6	1.430543488322155	0.2376127516255401	0.09233473892052277	0
1660.6130995535866	17	7	5.935212574020578	0.7367614698202138	0.07740367817599984	0
1659.137107822705	17	8	1.3444414479034368	0.2674443133925481	0.1061341529700025	0
1660.92065146808	18	1	4.520580570536834	1.0000000003410059e-10	0.013535040735147259	0
1661.82074446018	18	2	5.243657091268209	0.23339906217203227	0.03374682263649429	0
1661.9099807830703	18	3	3.9709919611086524	0.003406138092240841	1e-10	0
1661.9135104160277	18	4	9.61244012749204	0.005525397440205743	8.758533522383608e-4	0
1661.1128295060144	18	5	5.311657962783382	1e-10	0.0117301136565026	0
1661.811965706975	18	6	2.656173465583622	0.10159946580473189	0.028774228523399604	0
1661.8985408073172	18	7	2.6978060692028745	0.00427424241472415	1e-10	0
1661.9108312104033	18	8	8.839435086982894	0.008158753678457979	1e-10	0
1658.3926681328887	19	1	1.3849543304841803	0.19813051812913493	0.10656354767964177	0
1660.4393688320206	19	2	6.627774026930562	0.8989227774153081	0.08969409995852903	0
1661.168820454159	19	3	6.827930554185549	0.5947728607021606	0.06938751280115155	0
1660.1628766640656	19	4	1.2968381758789014	0.2033631989690182	0.10071697408737224	0
1658.6609474801273	19	5	1.1571409407997248	0.2049757424015603	0.11209876823773278	0
1659.250006445733	19	6	1.2173615771948738	0.21194621706704297	0.09667349707980746	0
1660.5799716046383	19	7	1.3535032417464132	0.17528809740702542	0.08203137108572729	0
1659.1027224814827	19	8	1.2380137163249392	0.24637075352190457	0.10827673299598056	0
1660.6372952503632	20	1	2.0258196571679075	1e-10	0.014804398876513766	0
1661.8493190052739	20	2	1.933008357351752	0.09767563260587296	0.04000390816490922	0
1661.9023073312173	20	3	1.9557020648103387	1e-10	0.0014895480285740104	0
1661.8716304094467	20	4	2.1493844878309676	1e-10	0.0029762667489389213	0
1660.915972548705	20	5	2.0092275729897318	9.999999960041972e-11	0.012295741252236658	0
1661.8613607168493	20	6	1.901485155385371	0.08247903187139335	0.034282829520176236	0
1661.9128419376257	20	7	1.9672525232476075	9.999999960041972e-11	4.0005129722116864e-4	0
1661.893339245227	20	8	1.9531029486474913	1e-10	0.0022638781736298566	0
1658.2643416248413	21	1	5.893771392690375	0.658112275241807	0.09671118862110249	0
1660.745244808799	21	2	2.689441654718387	0.2961131577544668	0.08058589060566373	0
1661.1212433004223	21	3	4.415579428660672	0.32331244559499756	0.06456706107836825	0
1660.4557387378784	21	4	1.3017258181710885	0.1639119349612465	0.09088796120916229	0
1659.276912378837	21	5	4.581137751137682	0.6747232561380236	0.10136226989271765	0
1659.9540281013706	21	6	4.293635919587954	0.6338970515137065	0.08759596777145165	0
1660.9563187461067	21	7	2.416090080897162	0.26746924895901664	0.07442014791102741	0
1659.8109775945081	21	8	2.5040318301841187	0.4333586972653214	0.09920427387225039	0
1659.9576129539087	22	1	2.9723641344406495	9.999999960041972e-11	0.020540893660720864	0
1661.882421024186	22	2	1.2161580064428874	0.03766584061951323	0.028977349320562912	0
1661.8310615198548	22	3	1.0874019807286022	1e-10	0.004794067077130076	0
1661.7483595742156	22	4	0.9845526470764937	1e-10	0.006999790395308536	0
1660.42786516265	22	5	3.3429414994581177	1e-10	0.01644524051874328	0
1661.9140368772103	22	6	0.9827907213468567	1e-10	1e-10	0
1661.882602218575	22	7	1.0459168025837031	1e-10	0.002573274817972323	0
1661.7862816165982	22	8	0.9830786769146459	1e-10	0.0068681313180540045	0
1658.7053766818526	23	1	6.409923197168643	0.672137475475727	0.09108492089483923	0
1660.8756077835892	23	2	3.272358882937378	0.3427664589299051	0.07651338210239798	0
1661.2996538357836	23	3	7.541528114035533	0.5038434174591023	0.05838370394920188	0
1660.3213550069595	23	4	1.4187620343054101	0.19536530554473328	0.09695784337891926	0
1659.5804553174976	23	5	4.941932673532094	0.6907768114107941	0.09601669455198288	0
1660.028032339795	23	6	4.661683332454634	0.6565846335511357	0.08401351813429844	0
1660.9965426001206	23	7	5.722877930063614	0.6051703706270006	0.07070189044423314	0
1659.6887362991752	23	8	3.804554652161585	0.6884487571358441	0.10177264696848852	0
1660.3758225912218	24	1	4.234758631856555	1e-10	0.01668412410208514	0
1661.8932239093	24	2	1.8901167212157628	0.05684512903466609	0.02708302473233472	0
1661.8740316743342	24	3	10.436022781753037	1.0000000003410059e-10	0.002785843057878918	0
1661.7776451939687	24	4	1.4209217401818157	1e-10	0.006584930552502556	0
1660.3203596441945	24	5	6.658721249227715	1e-10	0.01827646635252856	0
1661.9041050166784	24	6	1.1816759150274303	0.029904424924507067	0.022237891601909605	0
1661.895749113787	24	7	9.351227017979276	9.999999960041972e-11	0.0019752318312039915	0
1661.632069199893	24	8	0.991455651584009	1e-10	0.018029674691971042	0
1655.2962893759652	25	1	6.67513639785941	0.4880040123289016	0.08998621698916834	0
1660.3081310666882	25	2	1.4820858839405053	0.09209195408609722	0.063440898754235725	0
1659.9707978113795	25	3	6.4119380496415985	0.10757773996585285	0.03346171165708538	0
1659.756367958006	25	4	1.546926894133364	0.09249789404625125	0.0652719917826628	0
1658.185479323299	25	5	1.432420616938727	0.18449437047242928	0.10465553047550981	0
1660.8028871905324	25	6	1.4428200304647758	0.16435117248788497	0.08372788117348016	0
1661.1094254186035	25	7	1.4027774986255221	0.10842322254739153	0.06826943762068008	0
1660.5678199508857	25	8	1.4050530919506927	0.17763410856995396	0.09175320595691949	0
1658.118772962559	26	1	2.5837586875005747	1e-10	0.024811785011024563	0
1661.2169205738287	26	2	1.470275546107198	1e-10	0.010803089427992428	0
1660.9503166409577	26	3	2.4584933594705203	1e-10	0.01286099257316901	0
1660.8296284542816	26	4	7.9796079009548295	1e-10	0.013316099851356322	0
1658.4745689477882	26	5	4.045348646104884	1e-10	0.02321666575705702	0
1661.3868876091294	26	6	1.3974777394132794	1e-10	0.0088627785039801215	0
1661.142636517191	26	7	2.6464693814368996	1e-10	0.01103125587917808	0
1660.6998039547666	26	8	8.17998041352539	1e-10	0.015870069346115328	0
1655.5516321975047	27	1	1.479055119593411	0.10525367128988754	0.08514744752935609	0
1659.9442629988002	27	2	1.4405677045066754	0.0890783908563189	0.0647195201011017	0
1659.6629924288784	27	3	1.4899555016018866	0.03578745451066041	0.04017315496321377	0
1659.4797092326946	27	4	1.4334864139955579	0.0818920511364355	0.06388058080094464	0
1657.2677097127887	27	5	2.0409525204724255	0.27248538932380006	0.1105150274611744	0
1660.339664816304	27	6	1.567866029434732	0.19391098571081905	0.09255610891469267	0
1660.543510917694	27	7	1.8425369130184575	0.16552687297122703	0.08050017058675682	0
1660.0873387038332	27	8	5.22998200207804	0.6831531793973153	0.09735020645011222	0
1657.7347829339924	28	1	1.9915845236353273	1e-10	0.02508561139717587	0
1660.8262762503502	28	2	2.104350954621245	1e-10	0.014044308942202568	0
1660.5589389666002	28	3	1.9145694269600497	1e-10	0.015431833371032619	0
1660.4479520371704	28	4	1.9856940124270193	1e-10	0.015534697746083681	0
1658.2966854573292	28	5	1.9909067723265423	1e-10	0.022376124343540155	0
1661.1230934880714	28	6	2.0288778936749705	1e-10	0.010935803687970602	0
1660.8712808352766	28	7	1.975099049526015	1e-10	0.012594359975778197	0
1660.3621989168357	28	8	1.9732359695419888	1e-10	0.017312527592198198	0
1654.7376331522476	29	1	6.197769079983476	0.30374045939597877	0.07429198522873559	0
1659.6961491086658	29	2	1.4672150778494333	0.06667741414063436	0.05546567949535899	0
1658.9290476694905	29	3	6.048412961474518	0.11662264439221466	0.04060429121288839	0
1658.938763238883	29	4	8.184029065153968	0.20347641150722928	0.043896244969684584	0
1657.584486447328	29	5	5.2026925184565815	0.4966822539035923	0.09239181499133646	0
1660.6363033678244	29	6	1.4553740818123198	0.13438046881148022	0.0772835799638263	0
1660.3777684278834	29	7	3.862273549100871	0.24147605303133104	0.06739910623361065	0
1660.3320589586347	29	8	2.2137310300971382	0.2038931057080313	0.07992757606776787	0
1656.4572945294794	30	1	1.7936728708990215	1e-10	0.03118475240854819	0
1660.3635877218478	30	2	1.4169055583055152	1e-10	0.01790331442944553	0
1659.6584841032088	30	3	0.9949893776066931	1e-10	0.023304181363558198	0
1659.691157616195	30	4	0.9846881346904434	1e-10	0.021491281561683815	0
1657.2878623832999	30	5	2.5951428890020964	1e-10	0.02716221062208614	0
1660.8068903985686	30	6	1.3486498512522334	1e-10	0.013563161484870521	0
1660.2613371980287	30	7	1.0396742625226936	1e-10	0.017957393598811818	0
1659.4589725470619	30	8	0.9824651760047252	1e-10	0.02485348858819944	0
1655.1995656835304	31	1	7.392492847207964	0.2777732194632989	0.06466373827291504	0
1659.9323457895116	31	2	1.4862285738902477	0.05851119223845131	0.04974281919154982	0
1659.4336311952593	31	3	1.71367859278327	0.0023482786749078432	0.020810650508546327	0
1658.5674210132472	31	4	7.124067825799489	0.27681205009156507	0.05780967957215974	0
1658.1556090012414	31	5	5.64891594696081	0.4883942737782998	0.08481940072393811	0
1660.8584698390928	31	6	1.4565561030457888	0.12390934423789887	0.07126035527397992	0
1660.8408610426193	31	7	8.359830392984696	0.4057504775795456	0.05317450287647801	0
1660.2125139933141	31	8	3.5381679493330944	0.36369661887681604	0.08664751885245554	0
1657.1797931634778	32	1	2.8018468919452633	1e-10	0.02758304204590153	0
1660.6741226949587	32	2	1.405344982201301	1e-10	0.014839148603446258	0
1660.2914390965611	32	3	8.773282528833162	1e-10	0.017299081101378316	0
1659.5776634709557	32	4	1.079366769222265	1e-10	0.023283448866869692	0
1656.630986864292	32	5	4.975817245898839	1e-10	0.031671381263764196	0
1660.7298218853616	32	6	1.3723595088515033	1e-10	0.015058561201490643	0
1660.2614661355556	32	7	9.7804089559354	1e-10	0.018586011824394965	0
1656.9762007619831	32	8	0.9797721856773054	1e-10	0.051453419982875566	0
1655.5119485326006	33	1	0.9585116024153756	0.3385215853709705	0.22188302546122798	0
1661.9124006354748	33	2	3.660848739569516	0.002643863908874991	1e-10	0
1661.8958530768332	33	3	1.0775486251025068	1e-10	0.002207190818247768	0
1661.8710812196612	33	4	9.561108445329062	1e-10	0.0029385853005860197	0
1661.1403108350291	33	5	1.6269396192535892	0.22610524809925225	0.1003828973756717	0
1661.1552104311202	33	6	1.633977785407998	0.07470144734507164	0.02576918263389621	0
1661.454091632236	33	7	1.754588129263641	0.018309801928268473	1e-10	0
1661.6531101956496	33	8	6.875962888514872	0.3074480238865398	0.031170486504657792	0
1661.1883598605298	34	1	0.955356333152145	1e-10	0.013805916756238629	0
1661.616805886683	34	2	3.918096341993765	0.03335829292207892	1e-10	0
1661.7947119011556	34	3	0.9854630806990966	0.004663371933685607	1e-10	0
1661.858355434387	34	4	4.612069728750093	0.013444353575539005	1e-10	0
1661.4929178598052	34	5	1.0207092919864749	1e-10	0.00888300270137956	0
1661.649792562989	34	6	1.9057342024074335	0.012576660357622721	1e-10	0
1661.7852252488942	34	7	0.9840737501506366	0.004195106240748788	1e-10	0
1661.825490035782	34	8	3.8835916302098554	0.014313236928869336	1e-10	0
1658.2981209319494	35	1	4.364123103997707	0.4131732620673184	0.10410379093063526	0
1661.883829112249	35	2	4.374762054414953	9.999999960041972e-11	0.0029185156688520592	0
1661.8173825214496	35	3	4.831364993137339	1e-10	0.004633486813545582	0
1661.7868546799111	35	4	9.60963719155615	1e-10	0.004666824535960418	0
1660.6795818357937	35	5	1.0700971944447346	0.15837892460655142	0.10839830678217414	0
1661.3034463827405	35	6	1.724923067402536	0.09707610113489346	0.03363774185193418	0
1661.6364368955271	35	7	2.697356947901295	0.023268617246238778	1e-10	0
1661.7554700859826	35	8	1.203256652390977	0.06200173015252982	0.03743260889801996	0
1660.9648090728133	36	1	1.9740948767338655	1e-10	0.014489102648203746	0
1661.7793529547826	36	2	2.0069142588688327	0.011772212402121738	1e-10	0
1661.8833966622444	36	3	1.9351777550344829	0.004565468328323716	1e-10	0
1661.9074282671318	36	4	1.945158531377108	0.0019103804123505035	1e-10	0
1661.3476317477102	36	5	1.9718803427106095	1e-10	0.009411911567630922	0
1661.7885214403286	36	6	1.9691614690481827	0.008802632580069398	1e-10	0
1661.8716050808725	36	7	1.9479987212944758	0.004586577666552241	1e-10	0
1661.8947956084996	36	8	1.9253926975746212	0.0031495760315278423	1e-10	0
1658.0851332069776	37	1	1.2090750177313194	0.05757520206679406	0.0750475543219085	0
1661.8196569629592	37	2	3.399796072283125	1e-10	0.004766051978481052	0
1661.6986021188836	37	3	1.018408630385001	1e-10	0.007108508394832917	0
1661.6847295850207	37	4	8.495556967766296	1e-10	0.006246546344316987	0
1661.098064749951	37	5	3.216343602630612	0.2568996951224296	0.07238519137255285	0
1661.6314381706763	37	6	7.529417052213149	0.2861736789494997	0.025562825584542755	0
1661.7854331570945	37	7	3.794254676684629	0.02094474054485612	1e-10	0
1661.8644468983953	37	8	2.26176976595116	0.05197380838267726	0.018143375944026624	0
1660.5685784947884	38	1	0.9859620029288452	1e-10	0.017990040239068535	0
1661.8657517170175	38	2	4.408919607329154	0.01522408908372658	1e-10	0
1661.91119757017	38	3	0.9891222145090005	7.61250883496221e-4	1e-10	0
1661.912813843989	38	4	1.0020903005213226	1e-10	4.5089363563284655e-4	52
1661.1220423506288	38	5	0.9845028425574799	1e-10	0.011386705288739234	0
1661.8582045948206	38	6	1.9473547469264632	0.005715215022383088	1e-10	0
1661.9030944648407	38	7	0.9839586906223506	0.0012360362602020813	1e-10	0
1661.9132014080903	38	8	1.3944682450257913	4.083452179759235e-4	1e-10	0
1659.2534125018437	39	1	4.0335054658220955	1e-10	0.02522183590705799	0
1661.861563039962	39	2	3.686891224519918	1e-10	0.0031153645887182133	0
1661.7892097665417	39	3	9.196123110282272	1e-10	0.0045644240725371205	0
1661.7185650157483	39	4	9.416130632555383	1e-10	0.005792816716682153	0
1661.4155337755835	39	5	4.446569398484882	0.23802551464901797	0.05181212636273053	0
1661.6426667718738	39	6	7.50271968177804	0.3184440982552022	0.029829538944052	0
1661.8038839445012	39	7	9.16074638058218	0.03841577781537004	1e-10	0
1661.8493633626997	39	8	3.2506625654440606	0.0804598874611905	0.01925662754951463	0
1661.0069095382714	40	1	1.5658474603129455	1e-10	0.012665962985721053	0
1661.863766326431	40	2	4.082545232917585	0.012131418336983299	1e-10	0
1661.9076918621865	40	3	7.289250260158194	0.006995267145008098	1e-10	0
1661.9140368772132	40	4	1.19152251631664	1e-10	1e-10	0
1661.179448915153	40	5	1.5699981830919774	1e-10	0.011038358532021172	0
1661.8407213232074	40	6	2.3907563065665216	0.008006407579256265	1e-10	0
1661.8959514473345	40	7	6.3797085154064685	0.009893075982569844	1e-10	0
1661.9088826973311	40	8	1.0182678890276329	9.76963565682303e-4	1e-10	0
1654.5941557924582	41	1	1.4893525608011386	0.30043320991374206	0.16231617136570217	0
1661.1743164295049	41	2	0.9846439897741153	0.06210494197438568	0.06493097715995359	0
1661.215255019272	41	3	1.582563758484114	1e-10	0.012509424493477424	0
1661.1978187692382	41	4	1.5000272773821373	1e-10	0.01147564543559239	0
1659.3472403235287	41	5	1.4475199569491108	0.24485641484321313	0.1208455002565012	0
1661.422409731054	41	6	1.5418649845810146	0.17816202949575033	0.07798422043023961	0
1661.8983571719293	41	7	1.5867140309859324	0.05313175976517048	0.029836988176606023	0
1661.6913364252973	41	8	1.4136640878183202	0.11939823227691192	0.06299363988338591	0
1659.5516791411942	42	1	1.5177809094289494	1e-10	0.023490704450623685	0
1661.8716161993498	42	2	0.9857783458871697	1e-10	0.0037068277531025354	0
1661.8145922425747	42	3	1.4201014397468075	1e-10	0.004533609638783784	0
1661.776215544457	42	4	5.451780690493733	1e-10	0.004862129338761388	0
1660.3847469898055	42	5	1.5236486390700168	1e-10	0.016041683063779778	0
1661.9064587053222	42	6	1.4050011793757413	1e-10	0.0011975332637942531	52
1661.8724167825328	42	7	1.4415282224096557	1e-10	0.0024707965370516383	0
1661.8238138460079	42	8	5.328339032405011	1e-10	0.0038822609669983874	52
1654.9160806460804	43	1	5.678441724019804	0.8809944440266763	0.13932730172885882	0
1660.5869454666954	43	2	1.8369427668053007	0.1346512472016354	0.07720706514763614	0
1660.864155720566	43	3	1.6011255981825006	1e-10	0.015321564143484206	0
1660.895620466167	43	4	7.9269439145597325	1e-10	0.013558026032861345	0
1657.784776832828	43	5	1.4605824027549799	0.29956094428710195	0.1429238333784832	0
1661.0143397868446	43	6	1.683816652896905	0.2807633987168778	0.10960576665369323	0
1661.7853655233878	43	7	1.5049205282273816	0.08642027170148413	0.05163890583872404	0
1661.5400904859482	43	8	3.4873378430232	0.3343519056473144	0.07181546126306965	0
1658.8745123042384	44	1	1.9885293090966165	1e-10	0.026552924427685764	0
1661.6404019229633	44	2	1.9405396732392042	1e-10	0.011263775247403171	0
1661.6289993971182	44	3	1.9960313653699162	1e-10	0.00822030151492376	0
1661.5953499223388	44	4	1.9371749035371524	1e-10	0.007757176515413127	0
1660.0406564318623	44	5	1.9764638756022608	1e-10	0.01726315726988321	0
1661.836990575569	44	6	1.9414877376761774	1e-10	0.004056714698553475	0
1661.7809770166998	44	7	2.056408910622003	1e-10	0.004509646661593967	0
1661.6919001781257	44	8	1.9303795864853313	1e-10	0.006177171148821981	0
1655.6004642841488	45	1	4.681812582503749	0.39978902896316304	0.10262257157292179	0
1660.6458086092173	45	2	0.9886797559768414	0.03086798022125338	0.045915112368588945	0
1660.5771539195932	45	3	1.6029031886327814	1e-10	0.017162105213758147	0
1660.6989136114407	45	4	1.383970640158524	9.999999960041972e-11	0.014380280021766672	0
1659.264996075978	45	5	6.204653435455617	0.6950405321680436	0.09826079049697484	52
1661.565025363047	45	6	6.65445449959908	0.5757700387235549	0.06814437625927207	0
1661.757227759285	45	7	1.587022971267868	0.04237888896071877	0.030119004593239625	0
1661.6922268237072	45	8	4.551324621557923	0.2415975724725493	0.0475900111978224	0
1658.2979740446615	46	1	1.6224936395969511	1e-10	0.0293921276392466	0
1661.4427190065808	46	2	0.9913866928099899	1e-10	0.01401371619990241	0
1661.3793899775194	46	3	1.3499699323786627	1e-10	0.012128686458364218	0
1661.40259477484	46	4	0.983950180756212	1e-10	0.010128933677668303	52
1659.7073058744238	46	5	1.59264175926455	1e-10	0.018770013591216564	0
1661.7529231628157	46	6	0.9841862885461118	1e-10	0.005664620062024316	0
1661.6626139312016	46	7	1.3756852747433812	1e-10	0.006454408052889458	52
1661.544583134057	46	8	0.9840194639381389	1e-10	0.008136502767826077	0
1657.3246049811712	47	1	5.638528819627078	0.11080301899357026	0.04799900805714937	0
1661.0727153097475	47	2	1.6340048837461856	0.022076748271137436	0.025730955867169763	0
1661.023224767398	47	3	1.4799729737590106	1e-10	0.011884877505929533	0
1660.780632390956	47	4	8.473277112730425	9.999999960041972e-11	0.013905980558123318	0
1660.1556810760007	47	5	6.140721222062197	0.48139848198628765	0.07397602197809626	0
1661.6748488964026	47	6	5.912143714487323	0.42329643211902584	0.056426751397776906	0
1661.8387126393452	47	7	1.5391566249778987	0.02586737733737965	0.019031522921723366	0
1661.728783113022	47	8	5.376685911793533	0.28383150510703886	0.046585391028452244	0
1659.4099288390773	48	1	2.5660897907150404	1e-10	0.020955355402267048	0
1661.686106341681	48	2	1.6388483139999508	1e-10	0.007453653120829252	0
1661.6241229456366	48	3	1.3812498589562516	1e-10	0.007060292774042095	0
1661.4958776911137	48	4	1.2241892962989256	1e-10	0.008803539828747648	0
1659.805840615784	48	5	2.668528020825829	1e-10	0.018409682237839127	0
1661.7877703595723	48	6	1.159199002233078	1e-10	0.00495628159610221	0
1661.7187186800575	48	7	1.3913397087935342	1e-10	0.005428823995448473	0
1661.5039940202846	48	8	0.9956653639513645	1e-10	0.009657575375300428	0
1657.1471211488445	49	1	0.9847994070531324	0.358830334379777	0.17364751027159314	0
1660.2405470968965	49	2	0.9803376113495484	0.18673686429026026	0.10126707387302743	0
1661.8149779490932	49	3	0.977942201849493	0.004828278666840779	1e-10	0
1660.6918821574582	49	4	1.3660536952306714	0.2401325883213162	0.09817285219919127	0
1658.5973301930567	49	5	4.519435250684731	1.1379575238717827	0.12997284736027692	0
1658.242611166542	49	6	1.533010554934856	0.2981137366868851	0.09284572396750843	0
1660.0136988363513	49	7	5.248754094927323	0.6215480990422497	0.06481605806875766	0
1658.9977709031537	49	8	1.3374315342117493	0.25849971912923636	0.09644927855702191	0
1661.7820216042549	50	1	1.1229837176692354	1e-10	0.0055591171728705	0
1660.7101297253264	50	2	0.9845694412197	0.019870513382469673	1e-10	0
1661.2807260739153	50	3	1.0347320052739941	0.01267723408054335	1e-10	52
1661.4854491920419	50	4	6.481532582077515	0.060535227644259164	1e-10	0
1661.8567237837867	50	5	1.1692372223628127	1e-10	0.003076584262071819	0
1661.0644171323	50	6	1.27792557824081	0.016488666837673006	1e-10	0
1661.3881092902616	50	7	0.9989639801567696	0.009214633157422245	1e-10	0
1661.414608553399	50	8	5.203681141616193	0.05141568908056123	1e-10	0
1658.0679703234534	51	1	3.0549961243778494	0.7919725722851844	0.14620678478891977	0
1660.2604739370438	51	2	1.7660420254644524	0.3363784541328917	0.103279790961183	0
1661.6086389795491	51	3	2.4783027584459587	0.2197612312212112	0.06408625772178056	0
1660.798078843496	51	4	5.7219958291800035	0.9209693474295825	0.09457401826712666	0
1658.3835063905508	51	5	0.982855606599974	0.24513698051672866	0.1330028942380144	0
1657.904631061622	51	6	1.4927909304503704	0.3148735642077037	0.09553476825858465	0
1660.0489606851165	51	7	0.9764432687552053	0.12445645399545913	0.06885983939082381	0
1658.9612309142697	51	8	1.2455913442524438	0.2487015344317215	0.09860723497103563	0
1661.6181051117676	52	1	2.0069491722012085	1e-10	0.008110576035453574	0
1660.9047077500825	52	2	1.9465574442396198	0.0416107262470234	1e-10	0
1661.5039940488346	52	3	1.8943075695812144	0.0194843819575268	1e-10	0
1661.6671677355755	52	4	1.9758381296342684	0.014314668539238826	1e-10	0
1661.7663487826048	52	5	1.979687616036828	1e-10	0.004718750070006082	0
1661.301914898412	52	6	1.94227192387317	0.02197803580501914	1e-10	0
1661.5858862670214	52	7	1.990921893862842	0.014440585868880428	1e-10	0
1661.6269950206206	52	8	1.9203155479776626	0.01416376257812611	1e-10	0
1660.2660806163253	53	1	0.9776985415202976	1e-10	0.0206340264933711	0
1661.0294640368268	53	2	0.9560942233861897	0.12860929961140377	0.08539897620103885	0
1661.9140368772112	53	3	0.9791682391993385	1e-10	1e-10	0
1661.3060971783896	53	4	1.3188076986127664	0.15671669963149612	0.0795215224682087	0
1659.5423257477628	53	5	2.5370554566186025	0.4904300509738652	0.11539880139239272	0
1659.2416000909202	53	6	5.126143661830442	0.8397640684836755	0.08346456155139731	0
1660.6077972355922	53	7	2.302062201020806	0.2278528905257906	0.056337390937830203	0
1659.8339342554157	53	8	2.533535988722064	0.4180101338844155	0.08758591118630325	0
1661.3519552608147	54	1	1.005125675565929	1e-10	0.012238830329406146	0
1661.1410900853566	54	2	0.9938464162961612	0.019440711266230804	1e-10	0
1661.5698934303734	54	3	1.0097546621908067	0.011230816555932699	1e-10	0
1661.7503515386395	54	4	1.0146157607964474	0.006610535248686088	1e-10	0
1661.6353179935804	54	5	0.9998239885524519	1e-10	0.006839862954441436	0
1661.4618061318297	54	6	0.9839837066018635	0.009736346856688621	1e-10	0
1661.6605284643592	54	7	1.024042520625372	0.00715664223071887	1e-10	0
1661.7139441533284	54	8	0.9844616603697911	0.006564909988721651	1e-10	0
1659.7545201289836	55	1	2.8224310387902505	0.4194936961217755	0.10645622384642651	0
1661.1471121414825	55	2	1.5479589673789038	0.1807259733791478	0.0754991604937169	0
1661.7891813202652	55	3	8.082291671308429	0.46254619850034256	0.045750604932472974	0
1661.3108640899245	55	4	6.343379914233295	0.7549484515842758	0.07885967727409834	0
1660.068585105481	55	5	3.298385115799688	0.5370255398137679	0.10020421345137095	0
1659.4543782113494	55	6	4.893853822044183	0.7480995604476026	0.0810010008982113	0
1660.7311659859472	55	7	5.274610418333416	0.5365354875934885	0.06098719994054227	0
1659.8135209708742	55	8	3.345541395396939	0.5461157244450565	0.08684504668501156	0
1661.574618073799	56	1	1.5280050700968788	1e-10	0.007918016966599176	0
1661.412571591176	56	2	1.6850570989360267	0.019427712283578393	1e-10	0
1661.6801985168051	56	3	6.771286530202368	0.04619244329633141	1e-10	0
1661.7344642125158	56	4	1.2338220531723219	0.007907168896095027	1e-10	0
1661.6776896524657	56	5	1.4914469582538785	1e-10	0.0062574995212229065	0
1661.427258954114	56	6	1.1517854349093	0.011554931910362852	1e-10	0
1661.6528257937175	56	7	5.152750925509137	0.03433606912672158	1e-10	0
1661.6070562677985	56	8	1.0239300094601094	0.009690328520094554	1e-10	0
1653.6583555728512	57	1	1.7963080388012103	0.5576458829843111	0.1915256288029185	0
1661.218872042183	57	2	1.550118608943766	0.13485706218190582	0.07577735958513111	0
1661.0690428684647	57	3	0.9757229816971716	1e-10	0.014255794030532225	0
1661.173810773872	57	4	8.60494379555107	1e-10	0.011248286228992335	0
1658.3732250354742	57	5	1.476128302919379	0.33608339932301584	0.14283861070080772	0
1661.163785556882	57	6	1.645162149300889	0.23868209506683688	0.09234493418493453	0
1661.8385696019375	57	7	1.5411549996917964	0.10902007583187645	0.05704235580139435	0
1661.512684233031	57	8	1.5056099953080828	0.16737544316145947	0.07726750329807965	0
1659.7628924946805	58	1	1.0985322800364585	9.999999960041972e-11	0.020707026701221185	0
1661.8663960663316	58	2	1.4912525002809538	1e-10	0.0032126712321367793	0
1661.779618178883	58	3	1.0304551212568132	1e-10	0.005303645986654454	0
1661.7587975785716	58	4	3.7419086482194874	1e-10	0.004892176072689268	0
1660.4362678443338	58	5	1.0290234280940893	9.999999981726015e-11	0.014975081900250917	52
1661.900007254217	58	6	1.4152282767742694	1e-10	0.0014443277246445172	0
1661.8525832916691	58	7	1.0384835793099416	1e-10	0.003037217735397319	0
1661.8058814295546	58	8	3.761503580299288	1e-10	0.004061873353696053	0
1655.2878852193076	59	1	3.613063107170828	0.7070749970906404	0.14840354463132083	0
1660.878655893808	59	2	1.5291372154419496	0.1337727839100615	0.0784943390661047	0
1660.7574229056577	59	3	4.223496169002808	1e-10	0.016070663916799673	0
1660.9296377743024	59	4	9.021488756832866	1e-10	0.012539480724720858	0
1657.1905381412564	59	5	1.3875680059639992	0.3292472517829501	0.15226542236175822	0
1660.784362857645	59	6	1.5218329023056945	0.2702773576510683	0.11069211998931225	0
1661.5466566503655	59	7	2.730959107102293	0.3057903212754312	0.08685804974329603	0
1661.347350636832	59	8	1.1260553082770088	0.13248096718069097	0.08286674839428225	0
1659.3265339400405	60	1	1.9569495346733647	1e-10	0.022049013186621023	0
1661.7227906768296	60	2	2.0825476884021366	1e-10	0.0069401318098470536	0
1661.5890613341687	60	3	1.894531431948305	1e-10	0.008533924130510401	0
1661.598223329858	60	4	1.9128499945568933	1e-10	0.007105011802957543	0
1660.1864605973876	60	5	1.9546062903507384	1e-10	0.015461235326197236	0
1661.8361851923046	60	6	2.013582165069567	1e-10	0.003480255121643907	0
1661.7524120694193	60	7	1.9075283909488017	1e-10	0.0049122899192678105	0
1661.6829249799243	60	8	1.9120231834523798	1e-10	0.005875606636324646	0
1655.071190331418	61	1	1.5444090873084528	0.24776812474086388	0.1379699140645188	0
1660.7861121097837	61	2	1.5647401069837397	0.08854250366864655	0.06091357571337131	0
1660.2711743376992	61	3	0.9883971840817042	0.013763965616008874	0.03341760125723831	0
1660.6436340242778	61	4	6.943484318766327	1e-10	0.014446994670029545	0
1658.4715602951846	61	5	2.9785981875065946	0.47582027344918426	0.12197875645893326	0
1661.3811746284782	61	6	1.5573730860527562	0.17192921281737925	0.08120670308756776	0
1661.594517573895	61	7	3.806982423134335	0.22943453534453168	0.05869376020233169	0
1661.5795190129809	61	8	2.252556114519785	0.16511389362231926	0.060948570030686204	0
1658.5317316353237	62	1	1.0087180318787787	1e-10	0.02675974365279431	0
1661.5464040550967	62	2	1.4410539668771665	2.8522959152369674e-4	0.010078385423938668	0
1661.2432700323247	62	3	1.0088019033765037	1e-10	0.014110572428721217	52
1661.3797527395247	62	4	1.0618875878991267	1e-10	0.009913653849159966	0
1659.7335488540004	62	5	1.003227328748395	1e-10	0.018026369701174216	0
1661.7520498660404	62	6	1.372028272440294	1e-10	0.005089177867445786	0
1661.597809484642	62	7	1.0147410637424412	1e-10	0.007464537854516077	0
1661.5132522305769	62	8	0.9838648889123834	1e-10	0.008212100765727816	0
1657.0791512435671	63	1	3.38978917875405	0.2964687574922549	0.09418998548206789	0
1661.1205644602628	63	2	1.5714280777469842	0.04781834549243212	0.038329711603182985	0
1660.8275932647891	63	3	8.56153976474045	9.999999960041972e-11	0.01386330040184632	0
1660.697978148492	63	4	9.028450513354466	1e-10	0.014314287480735544	0
1659.6963488552217	63	5	3.797637677772099	0.4217541060045088	0.0929932341246263	0
1661.5598976510107	63	6	1.5302730187051747	0.13480401738977113	0.06640558397073935	0
1661.785295507352	63	7	8.744301095430412	0.2418380313572765	0.029560907426448353	0
1661.621465203932	63	8	3.123862074350904	0.22747035339614674	0.05988735561536852	0
1659.4380699770788	64	1	1.3376522345737205	1e-10	0.020142512248383173	0
1661.6957857790187	64	2	1.4422151078193173	1e-10	0.0064326399331081615	0
1661.5481534803457	64	3	5.355639245120244	1e-10	0.00822879310615245	0
1661.4601752419549	64	4	1.0143942815787457	1e-10	0.008917395935549808	0
1659.7842480336872	64	5	1.4220846536938971	1e-10	0.018061553215827246	0
1661.7804146752808	64	6	1.4072596703478928	1e-10	0.00462921012264485	0
1661.6609459563595	64	7	5.829391963819106	1e-10	0.006427175733343926	0
1661.4589184446722	64	8	0.989107543543527	1e-10	0.009923463995927988	0
1655.5512719886246	65	1	3.25264052143293	0.1578178560859539	0.1015361896128117	0
1661.8379737617086	65	2	3.893341540156119	9.999999960041972e-11	0.004443974297029576	0
1661.734288150582	65	3	2.155828916660399	1e-10	0.0065113358556630595	0
1661.7070899000846	65	4	7.412418446561121	1e-10	0.006080069229515526	0
1661.0645332866247	65	5	1.6427500694412893	0.1302226642192604	0.07471182768488194	0
1661.625605586831	65	6	1.6473496649840964	0.0233309548494699	0.005613688490554383	0
1661.766902631702	65	7	1.683822756523922	0.009576695026730385	1e-10	0
1661.8549003987907	65	8	9.216133699880203	0.027539967060410814	1e-10	0
1660.209448782981	66	1	0.984047881590303	1e-10	0.02367449144289576	0
1661.8451035993455	66	2	6.894890095710398	0.028671782489140013	1e-10	0
1661.9059807902079	66	3	1.1126461066200042	0.0014201858807689602	1e-10	0
1661.9140368772037	66	4	3.4425142410051337	1e-10	1e-10	0
1660.9516064826162	66	5	0.9962551935646629	1e-10	0.01439095026449999	0
1661.8368509509862	66	6	2.7332864449485346	0.009765363095601626	1e-10	0
1661.8950692701972	66	7	0.983491230709806	0.0016423181148172048	1e-10	0
1661.909984587074	66	8	2.8417593789970974	0.002265336810332669	1e-10	0
1657.6130477601616	67	1	5.044175191447868	1e-10	0.03623572255341632	0
1661.7149325879413	67	2	4.620809263802535	9.999999960041972e-11	0.006693629843908166	0
1661.6005921650283	67	3	4.6799727125699295	1e-10	0.007790717357036969	0
1661.5846706710163	67	4	5.118961054068803	1e-10	0.00705578720104079	0
1660.568911422237	67	5	1.0852020153289559	0.10446191283392674	0.08768994074794682	0
1661.7591839528043	67	6	1.767482119131288	0.042419537608749086	0.015803846559656436	0
1661.869672997546	67	7	2.49780398927692	0.008115619039779377	1e-10	0
1661.9054564971843	67	8	0.992187077859324	0.0011526382436559738	1e-10	0
1660.0700938092461	68	1	1.9941514287730113	1e-10	0.021626747646979992	0
1661.9095357570068	68	2	2.0495070305979857	0.002180208238988279	1e-10	52
1661.905638676637	68	3	1.963050291845755	1e-10	0.0013415408393333758	0
1661.8880342897537	68	4	1.9139601816238792	1e-10	0.0020575605046084526	0
1660.8312561155124	68	5	1.9662498195028812	1e-10	0.013571194170756851	0
1661.9006149411107	68	6	1.9844886393945531	0.0028681613501275447	1e-10	0
1661.9138611584556	68	7	1.966407721299365	1e-10	1.201090087069646e-4	0
1661.9054473298033	68	8	1.8968250445663717	1e-10	0.0011416661193257222	0
1656.6994150655048	69	1	2.5597313158427917	9.999999960041972e-11	0.0408400669479801	0
1661.5811727212397	69	2	3.637682923931129	1e-10	0.008497434528874635	0
1661.364457570329	69	3	2.447763872463706	1e-10	0.011070490145268105	0
1661.4071881525801	69	4	4.507850669543111	1e-10	0.009028247108399709	0
1660.6362203777678	69	5	3.3213591512947813	0.14263725605330613	0.05339900715268806	0
1661.864327197608	69	6	8.39084472578343	0.14008183125794976	0.012485477987603702	0
1661.9095800798552	69	7	3.7711546261558797	0.0038587717939377333	1e-10	0
1661.9134532795272	69	8	1.4679620845835366	1.0000000002601277e-10	2.601016316938278e-4	52
1659.053508505087	70	1	0.9959723888994534	1e-10	0.030316446372548142	52
1661.9053788187327	70	2	7.278928298792089	1e-10	0.0016653379004093402	0
1661.8404975113667	70	3	0.9834376193841073	1e-10	0.004679296307889477	0
1661.8184745314877	70	4	1.2968938779753652	1e-10	0.004323641130787801	0
1660.370092545322	70	5	0.9865341980725918	1e-10	0.017334041608206764	0
1661.9140368771928	70	6	2.8848931824723256	1e-10	1e-10	0
1661.8942659713157	70	7	0.9846262586575512	1e-10	0.0018640990395659128	0
1661.8627202313087	70	8	0.9855060169304151	1e-10	0.0030203122273157997	0
1658.288287405129	71	1	5.309618274818481	1e-10	0.02909495872519973	0
1661.6928087359072	71	2	4.118827934793759	1e-10	0.006106521315481778	0
1661.56676365066	71	3	9.536530291112578	1e-10	0.007434936962487212	0
1661.4604270698394	71	4	4.931650443702273	1e-10	0.008531190224656858	0
1661.0662132686073	71	5	4.689505124640689	0.08122585698857121	0.02802906218627369	0
1661.8596073022734	71	6	7.142655603338658	0.13294556714811112	0.014407724166219809	0
1661.9057329104623	71	7	9.607597598298936	0.010942159553467343	9.999999960041972e-11	0
1661.9139086414455	71	8	2.046415349962258	2.70484740567321e-4	1.0000000001912358e-10	0
1660.1407957069714	72	1	2.1948010076994495	1e-10	0.019483644630121318	0
1661.913002317922	72	2	7.424070386734014	1e-10	4.6100873212702627e-4	0
1661.8848738864526	72	3	9.925521767371562	1e-10	0.0022868158453699288	0
1661.8480756025513	72	4	1.1472592667242665	1e-10	0.0034464910860820992	0
1660.469614349294	72	5	2.259568099351592	1e-10	0.016786137026035063	0
1661.912736775193	72	6	3.7061374016221063	0.0016849548584159447	1e-10	0
1661.9047675131897	72	7	8.554014816300647	1e-10	0.001211414927803249	0
1661.8699652137432	72	8	1.10174004265724	1e-10	0.0031402453119158246	0
1654.9094917237776	73	1	6.10606302782686	0.42725243874118074	0.09981319694090701	0
1660.8889522839627	73	2	1.206652695421311	0.006876408348459518	0.021404790716494822	0
1660.8379974947525	73	3	1.5182769115726489	1e-10	0.014321554218573018	0
1660.8585023136618	73	4	8.879604129307666	1e-10	0.012899582741624983	0
1659.3667981666665	73	5	1.5070452789339435	0.16449056791954286	0.09749863030423388	0
1661.7303937322756	73	6	1.5447536432277147	0.1046552988482104	0.055799251925121404	0
1661.823881657617	73	7	1.5635171442093123	0.0029758226272648034	0.006133546386133504	0
1661.7875475690585	73	8	7.918078272968579	0.271416774860048	0.03356322887694122	0
1658.1113025597356	74	1	2.4889433939555374	1e-10	0.03173248332182922	0
1661.5979919847227	74	2	0.9721399196744229	1e-10	0.010242942749644594	0
1661.5373197981219	74	3	1.445773483891958	1e-10	0.009113384954903629	0
1661.5086939795574	74	4	4.875784938800903	1e-10	0.008479237568904167	0
1659.5302236138323	74	5	2.154669576641356	1e-10	0.02077173824231243	0
1661.7885309494134	74	6	0.9822891252234555	1e-10	0.004874439141185031	0
1661.7142759437397	74	7	1.4149021040903362	1e-10	0.005509864822521302	52
1661.6029396527952	74	8	3.3318670502150076	1e-10	0.007281464854157752	0
1655.1439626770286	75	1	6.135550185321009	0.39339350578262716	0.09086201572533678	0
1660.3834774035136	75	2	2.235413704362357	0.027537154206503427	0.0314478144181263	0
1660.4879307717456	75	3	1.5741792346500694	1e-10	0.016243385896891067	0
1660.559239153201	75	4	6.37126342794639	1e-10	0.014331307458440024	0
1657.9713504034755	75	5	1.6188437003649252	0.22548016833839135	0.1192707943883883	0
1661.3970481722436	75	6	1.587905679749862	0.14939582684696082	0.07835991393443348	0
1661.6097043307327	75	7	1.5570900248401005	0.02973446699420024	0.026616746142520593	0
1661.6079332002555	75	8	1.4742164691339121	0.0599455632944348	0.041157918788569045	0
1657.3977694706798	76	1	2.0067236234786154	1e-10	0.033594451285260694	0
1661.0589656338796	76	2	1.9345957005407206	1e-10	0.019393713524887606	0
1661.1944501919868	76	3	2.009206475674349	1e-10	0.013279214400421603	0
1661.2163593134449	76	4	1.9076451818376279	1e-10	0.011505023181183117	0
1659.195061089015	76	5	1.9742933702387384	1e-10	0.02120902899417672	0
1661.608539035403	76	6	1.9415247920846066	1e-10	0.007934470444369655	0
1661.5434538323618	76	7	2.0073019188495107	1e-10	0.007567116027923272	0
1661.3885623031001	76	8	1.9043583570591769	1e-10	0.009459356580358352	0
1654.7559792149852	77	1	5.7710037724802525	0.093913270716993	0.056034324556540255	0
1660.1982038746144	77	2	1.2433366894844442	0.001863755401775155	0.021281768131242634	0
1660.0394598171736	77	3	1.496148960407198	1e-10	0.019307122419908295	0
1660.2522703765885	77	4	5.513990715538656	1e-10	0.01598490222856892	0
1658.7327597795788	77	5	6.8960024136350215	0.4789711817399847	0.07885779019646204	0
1661.5495271260024	77	6	6.4718041270525335	0.3319884845558005	0.05051868725369826	0
1661.4547357308638	77	7	1.5794314975002381	0.0020662776341848206	0.011953867618736133	0
1661.5240765159556	77	8	2.508791677133602	0.00419465243957939	0.009511538050429974	0
1655.9404609773696	78	1	2.9139832896727498	1e-10	0.04194530117871525	0
1660.5249613591855	78	2	0.9733728480458936	1e-10	0.026207246815396233	52
1660.5863024258763	78	3	1.3701944117974423	1e-10	0.02093270189655011	0
1660.8275836325563	78	4	0.9861254277016137	1e-10	0.015511981158842067	0
1658.5383015296852	78	5	2.2932099292532167	1e-10	0.02463129672252513	0
1661.4294629062986	78	6	0.9825167983663913	1e-10	0.010117571892210428	0
1661.295858660568	78	7	1.3325980814793428	1e-10	0.010587775310083798	0
1661.099608537599	78	8	0.9856985385736994	1e-10	0.012529550224824779	0
1656.5151230280119	79	1	5.654413644365133	1e-10	0.03136148167056431	0
1660.6926512507982	79	2	2.0140681718233875	1e-10	0.014572361547867755	0
1660.6220800198835	79	3	1.4427891757305318	9.999999960041972e-11	0.013709102285786963	0
1660.3592492773207	79	4	4.926463660430331	9.999999960041972e-11	0.015403495930161517	0
1659.7043784733137	79	5	6.690943507908573	0.2811602186907638	0.05370137670352592	0
1661.701456805649	79	6	6.872459132701374	0.28135472855218285	0.03974817868898575	0
1661.6557692543959	79	7	1.5122965591580855	1e-10	0.006412649663850029	0
1661.5911216292852	79	8	2.990437021618237	0.006164924149515564	0.00895611183545238	0
1658.0522905646837	80	1	4.542589644672163	1e-10	0.027825785950654755	0
1661.2574230064088	80	2	3.106494246638701	1e-10	0.013141836552017528	0
1661.2230034403724	80	3	1.351041709661418	1e-10	0.011443326285757038	0
1661.0140944677391	80	4	1.1479812504906428	1e-10	0.013432231066900599	0
1658.7030296574267	80	5	4.164232334465662	1e-10	0.02395829261345893	0
1661.5039366571493	80	6	1.4217600738346534	1e-10	0.009127255077240642	0
1661.4168244523657	80	7	1.3573137528787094	1e-10	0.008975331374396028	0
1660.9673020719736	80	8	1.0106953810532144	1e-10	0.015241126208031468	0
1658.5456223024862	81	1	1.8039103936184695	0.3888822606661634	0.1406844180629304	0
1661.2566446749054	81	2	1.230230645985353	0.146798303831085	0.07742268197781083	0
1661.852903438086	81	3	1.1278044459304415	0.054968082486337284	0.04034232185155567	0
1661.505293962024	81	4	6.531531711902106	0.6945041030544076	0.07252090307135271	0
1659.7394825571803	81	5	5.066487920801557	0.9838130294711896	0.11608347622802426	0
1659.7560679743417	81	6	1.5067044455408083	0.2180365014230555	0.07819190707723513	0
1660.865326693687	81	7	5.479290188757802	0.486807783486112	0.05318898845718338	0
1660.2164687653549	81	8	6.545970251716362	0.973139490248571	0.08234865833732898	0
1661.3630230659383	82	1	0.9833158917168464	1e-10	0.012766297552827426	0
1661.242862639794	82	2	1.4954668333763832	0.02346161330661523	1e-10	0
1661.608541656042	82	3	0.9823859066339835	0.008888250673446276	1e-10	0
1661.7438479277419	82	4	4.695990984174745	0.02875324641207048	1e-10	0
1661.6374229963417	82	5	1.2163748523962834	1e-10	0.007269054510563286	0
1661.4416010475722	82	6	0.9817650882892993	0.009587624810497752	1e-10	0
1661.652052047776	82	7	1.052670033134781	0.007090119591540952	1e-10	0
1661.6932518329231	82	8	3.403115540809463	0.02304506029097031	1e-10	0
1658.8907474428913	83	1	3.6310577527700603	0.6003337873995639	0.1196619425669095	0
1661.2311964476655	83	2	2.083534468738306	0.24899392408642193	0.07991181009457057	0
1661.7978570705382	83	3	2.953632682120882	0.1605157269065574	0.046519069496277043	0
1661.4898128544992	83	4	5.159091402214527	0.5062224764785408	0.0703939895188532	0
1659.4149012842372	83	5	1.004820294323199	0.19412082293475474	0.11980128723667224	0
1659.7094849532407	83	6	1.4366440412747423	0.2223712739311759	0.08201120718123713	0
1660.9803699783813	83	7	0.9755600757261429	0.09307690756528536	0.05788038427939153	0
1660.2839703731327	83	8	0.9846590155890935	0.14825968261211842	0.08404612063270266	0
1661.0838672608431	84	1	1.9842716692176223	1e-10	0.014789604564347218	0
1661.4761784381435	84	2	1.9744737264766163	0.02805258497399406	1e-10	0
1661.7805906170133	84	3	1.9289453522704765	0.011801302900248724	1e-10	0
1661.8591948176784	84	4	2.0467384248845946	0.007122579262330844	1e-10	0
1661.4827777931966	84	5	1.9883941090188804	3.92430175123467e-4	0.008698151442068484	0
1661.636535159327	84	6	1.960418208593653	0.014874570518109887	1e-10	0
1661.7934106819584	84	7	1.9529650186198306	0.00873442254054818	1e-10	0
1661.8312154213966	84	8	1.9166638999225754	0.0076717983460213406	1e-10	0
1658.6352104285138	85	1	1.744136533046812	0.22543133002660126	0.11056114973993612	0
1661.4921764803153	85	2	1.2599958799031254	0.1145571456050857	0.06810875572043448	0
1661.7610396484486	85	3	1.2432325862269382	0.05003053764865437	0.03961725424076756	0
1661.6236447815356	85	4	5.218799290557576	0.3594321423522375	0.056746343168772834	0
1660.0795035720816	85	5	2.5396058494686655	0.3909936797209539	0.10514752372878888	0
1660.3406541610723	85	6	5.455160157053731	0.7086187576908172	0.07315559253004071	0
1661.256275280623	85	7	2.2654153523693252	0.17760787112697463	0.048721091646725105	0
1660.7222100034667	85	8	1.4705784571479434	0.19567304323158324	0.07685629535133612	0
1660.2529631855252	86	1	0.9850434814522517	1e-10	0.02537526474615079	0
1661.5846638960315	86	2	0.9987777439963794	0.014838816996157958	1e-10	0
1661.8334918537673	86	3	0.9878362465443216	0.006279819555425805	1e-10	0
1661.9007606331108	86	4	0.9874682493835776	0.002006934326538793	1e-10	0
1661.1673977894757	86	5	0.9913389314423626	9.999999960041972e-11	0.012397343328606604	0
1661.7305693605083	86	6	0.98310419936103155	0.006515988050325917	1e-10	0
1661.843892867735	86	7	1.1020234591490936	0.0043510126155372145	1e-10	0
1661.8802602729868	86	8	0.9867742263627389	0.0028879816795126263	1e-10	0
1659.7566069262143	87	1	3.467109515577178	0.3221450368221498	0.08474914817397268	0
1661.5793667183952	87	2	1.8771762184403473	0.14911189107661868	0.05986164979147856	0
1661.833814906347	87	3	9.021489675813312	0.2882790359888128	0.030887019129213718	0
1661.6518038784675	87	4	5.256347910739119	0.3624835163297279	0.05611694579075941	0
1660.6024620614764	87	5	3.5424532923151575	0.44913243818676485	0.08877069494984878	0
1660.4836425314454	87	6	5.300326175651245	0.6363354602307886	0.07033546720479206	0
1661.3256378571057	87	7	6.303125186074935	0.4914137554271885	0.05107318649423645	0
1660.7343159548668	87	8	2.0419522428611865	0.2638556202441392	0.07536956109233388	0
1661.0126362948017	88	1	2.1009217330787524	1e-10	0.014480603740927956	0
1661.717065452868	88	2	3.3436689372011377	0.025771988413708636	1e-10	0
1661.8570515599251	88	3	10.902051531135397	0.03994090823977367	1e-10	0
1661.89054372853	88	4	1.1498977050219399	0.0028581002931537735	1e-10	0
1661.2591507458603	88	5	2.115852722700274	1e-10	0.011445113685906992	0
1661.70494234231	88	6	1.4005095966700285	0.009591476021672927	1e-10	0
1661.8327421891436	88	7	7.241987957147978	0.028485173423061234	1e-10	0
1661.843867670011	88	8	1.04402370794333	0.005133445325521854	1e-10	0
1654.5229041051298	89	1	2.5033949105678923	0.4118108503271268	0.14540310405940898	0
1661.0113542320616	89	2	1.6033671831725147	0.02103726721414712	0.025654682001923144	0
1660.6027131377562	89	3	2.309351853298729	1e-10	0.01670184524340899	0
1660.8004419668619	89	4	6.994739021121581	1e-10	0.013065931749553472	0
1658.6223970595024	89	5	1.518145103015014	0.24111469839477914	0.1222902655891977	0
1661.6158091212817	89	6	1.6216791368860606	0.14309108951938565	0.06814230027083248	0
1661.760852885369	89	7	1.62727540651581	0.00632951701705186	0.01005155742790229	0
1661.7294056548649	89	8	6.84599495168997	0.35484852989781557	0.04658777794673285	0
1658.3715474405255	90	1	0.9838019186043654	1e-10	0.028750443577554043	0
1661.6420807719069	90	2	1.5439262733878043	1e-10	0.007939979304670048	0
1661.441685224181	90	3	0.9841354367500971	1e-10	0.01055936656746145	0
1661.4817302150498	90	4	2.8206589550515253	1e-10	0.00844482007334026	0
1659.565385804539	90	5	1.1911913781398213	1e-10	0.019884094439170663	0
1661.7832786165552	90	6	1.4181264674660545	1e-10	0.004488265317080415	0
1661.660172369957	90	7	1.0354231264226772	1e-10	0.006402825767597019	0
1661.5712774838194	90	8	2.5875813411268718	1e-10	0.0074334080449339705	0
1655.4909187013006	91	1	4.04325384040145	0.43828901543216575	0.11195546779396191	0
1660.676711679111	91	2	1.5908985628217185	0.033158241070163366	0.03436679872804045	0
1660.3059674253193	91	3	4.111260602279082	1e-10	0.017628198805600372	0
1660.560387791809	91	4	5.088933422949735	1e-10	0.013822962930649352	0
1657.422005611862	91	5	1.0716531090727028	0.18442973378345145	0.1332427461459518	0
1661.3010050241614	91	6	1.5315585143766672	0.16561653261620274	0.08374315346614637	0
1661.4396737532477	91	7	1.8292918933044346	0.08084658293545033	0.04987566176145552	0
1661.532037492574	91	8	0.9817655013135609	0.05529361629993639	0.05228326054118204	0
1657.97826472486	92	1	1.9772035196177054	1e-10	0.028680042815975124	0
1661.3362195379866	92	2	2.087778875887694	1e-10	0.012255311512181248	0
1661.1033054107545	92	3	1.897114594316435	1e-10	0.014068157338398496	0
1661.2312407952652	92	4	1.8711244917034446	1e-10	0.010666448598337656	0
1659.3579709361222	92	5	1.9627530542724734	1e-10	0.01945207860509795	0
1661.6387224678363	92	6	2.0214050191649258	1e-10	0.006578292369033393	0
1661.4850433969887	92	7	1.9397618322559045	1e-10	0.008189497429474793	0
1661.3810632341072	92	8	1.8917337312482443	1e-10	0.0090476680443661	0
1654.4173162940806	93	1	2.271233798965287	0.18922449263013993	0.1037429617343389	0
1660.3626417179107	93	2	1.5886936021915459	0.007693016905344563	0.021925577630228184	0
1659.554442784018	93	3	2.845473522498977	1e-10	0.023549698581826973	0
1660.134272899725	93	4	4.444824576485151	1e-10	0.016576855542441583	0
1657.9729331645158	93	5	2.9733624530391762	0.32848037474823183	0.10514735330371011	0
1661.4616467931132	93	6	1.570790202426353	0.10522625099710368	0.060859515626113775	0
1661.1404598380218	93	7	3.9343377156167	0.040791189108378256	0.026628153805509855	0
1661.4285910930232	93	8	1.425168105787292	9.999999960041972e-11	0.009150663146197143	0
1656.1741863745942	94	1	0.9845247334900846	1e-10	0.039341013212819805	0
1660.8963815703569	94	2	1.5736412132299162	1e-10	0.018004882123111143	0
1660.1456173939825	94	3	0.9871664811166138	1e-10	0.02641853056150702	0
1660.7748072936329	94	4	0.9867217118767837	1e-10	0.01550631403979068	0
1658.5002720492794	94	5	0.9957869342155872	1e-10	0.024301164766308718	0
1661.4556343585073	94	6	1.3519062425212154	1e-10	0.008937178052461256	0
1661.1379422230852	94	7	1.0344965204268137	1e-10	0.012552969811953469	0
1661.0341995419303	94	8	0.9859273265131777	1e-10	0.012858618237843013	0
1656.2200666734918	95	1	4.1988124439888015	1e-10	0.032431326810406925	0
1660.7368283665178	95	2	1.5806442412105648	1e-10	0.013483771726506125	0
1660.3212877823225	95	3	9.621226552219467	1e-10	0.016313439068332724	0
1660.209627035753	95	4	4.950995225113208	1e-10	0.016327541660834773	0
1659.2674987807861	95	5	4.0160460038433605	0.2708919361607959	0.073008548686602	0
1661.6401442804085	95	6	1.522926656728982	0.07925034706032852	0.047856690832729545	0
1661.5241910768991	95	7	10.003013191309376	1.0000000003410059e-10	0.008936237474529212	0
1661.501952883429	95	8	1.9864980784803385	1e-10	0.008227687521688795	0
1657.9912549429027	96	1	1.57318672876753	1e-10	0.027575586222111186	0
1661.315661299961	96	2	1.4292835313872463	1e-10	0.011204110837914038	0
1661.0357900786935	96	3	8.855520352848774	1e-10	0.01375987743835778	0
1660.9362152852102	96	4	1.0668499312931414	1e-10	0.013883769213403414	0
1658.5828306213873	96	5	1.8308636949621844	1e-10	0.02423370352814157	0
1661.5105981695094	96	6	1.3848029885711854	1e-10	0.008347818247078212	0
1661.2783745111658	96	7	8.189272499992182	1e-10	0.010805197236449945	0
1660.858706852216	96	8	0.9950146014394723	1e-10	0.016092507776407524	0
1654.2726277906029	97	1	1.0046182216872779	1e-10	0.06539780654281013	0
1661.6949243457616	97	2	3.233116584753482	1e-10	0.007685002808184029	0
1661.4845455458653	97	3	1.0102522749860063	1e-10	0.011017547867851606	0
1661.5253925589732	97	4	1.3450136509837172	1e-10	0.008548712300088376	0
1660.7575759789738	97	5	1.765730379638555	1e-10	0.018347883322208373	0
1661.7681137432332	97	6	1.6460140470068203	0.009602624310825468	1e-10	0
1661.8563579541596	97	7	1.626427218234582	0.006322971166644761	1e-10	0
1661.902286294399	97	8	1.4233752066603684	0.001938305553932252	1e-10	0
1660.107827050444	98	1	0.9826688332991181	1e-10	0.021659922785251546	0
1661.9079910839146	98	2	5.593395279793109	0.006187367314893065	1e-10	0
1661.9084341047794	98	3	1.0491772517260265	1e-10	0.0011156238954094998	0
1661.893412727686	98	4	9.409929133742835	1e-10	0.0018099488116278403	0
1660.7466927417315	98	5	0.9885845131752775	1e-10	0.014909469855494966	0
1661.8978103969343	98	6	2.6379653254587936	0.004069592431300405	1e-10	0
1661.9140368772041	98	7	0.9900531121987962	1e-10	1e-10	0
1661.9076366335973	98	8	10.250614818593329	1e-10	0.0010185822336997953	0
1657.147551398576	99	1	4.975540356512295	1e-10	0.036545554996615104	0
1661.5421503491075	99	2	4.113295636153525	1e-10	0.009034943937097847	0
1661.3486779001325	99	3	3.933442318763987	1e-10	0.010948407438060899	0
1661.4011001389026	99	4	1.6089215610233112	1e-10	0.008819710478699809	0
1660.4101129885821	99	5	1.2108929716096912	1e-10	0.019858483151181074	0
1661.8715335849463	99	6	1.7486190590406765	0.005808912863196514	1e-10	0
1661.9124389036472	99	7	2.8570559293096727	0.0018739734811340958	1e-10	0
1661.9115142730611	99	8	7.273339060937461	1e-10	6.222311642370671e-4	0
1660.0448916075884	100	1	1.944687279999881	1e-10	0.019360602585038026	0
1661.9026937383085	100	2	2.0030588567561796	1e-10	0.001589936065394341	0
1661.8519057575538	100	3	1.9486400945531737	1e-10	0.0035152589515761025	0
1661.8303748578658	100	4	2.0172990770522063	1e-10	0.0034802545177866264	0
1660.6781526477696	100	5	1.9733243474175692	1e-10	0.01355422588138327	0
1661.913437071022	100	6	1.9827792277329246	1e-10	2.7901727093112514e-4	0
1661.891813391724	100	7	1.9479942488374895	1e-10	0.0017719999317642131	0
1661.8639561132684	100	8	1.973484353781004	1e-10	0.002645984847307704	0
1656.6001999364207	101	1	1.0408538559577307	1e-10	0.03810877519537454	0
1661.3978651850853	101	2	3.176267976225549	1e-10	0.010203250116789714	0
1661.0420307599938	101	3	1.115404188147242	1e-10	0.014282318774985973	0
1661.202819863979	101	4	1.30648178692204	1e-10	0.010528042037940622	0
1660.3238902380674	101	5	3.3022705272652426	9.999999960041972e-11	0.018727563207750347	0
1661.9115902580622	101	6	8.028768867983517	0.005625981215655677	1e-10	0
1661.900542194245	101	7	3.882399598663533	1e-10	0.0019263143955511324	0
1661.8868787063268	101	8	8.851531318385074	1e-10	0.002030598096925934	0
1659.3771785868894	102	1	1.0556487148194451	1e-10	0.02402175054257722	0
1661.8494467474573	102	2	5.850500156966507	1e-10	0.0038932697545630826	0
1661.727533111931	102	3	0.993645771057183	1e-10	0.006879973847896544	0
1661.7302465414189	102	4	6.573619282908876	1e-10	0.005486127878768416	0
1660.2922785417688	102	5	1.019667507723002	1e-10	0.01614629095077473	0
1661.8941199564158	102	6	2.6793832893773857	1e-10	0.0017351857695827603	0
1661.8342581934542	102	7	0.9909610634375177	1e-10	0.003626288695719356	0
1661.7884066465092	102	8	5.472856270233564	1e-10	0.004424728185419866	0
1658.069893003965	103	1	9.169453968786284	1e-10	0.028211882292460185	0
1661.5538642094841	103	2	8.362827045468824	1e-10	0.0075675976438893035	0
1661.3596736429488	103	3	1.7002580718226936	1e-10	0.00954243908608815	0
1661.267573357978	103	4	1.40756563831915	1e-10	0.010010532402533457	52
1660.8111233400784	103	5	9.507077933681735	1e-10	0.013449959459720448	0
1661.9078447254822	103	6	7.656679931920619	0.0073756321277731384	9.999999960041972e-11	0
1661.9112175536318	103	7	9.078638955775197	1e-10	6.845644159594553e-4	0
1661.898523778758	103	8	7.184475300742656	1e-10	0.0014882261034360959	0
1660.1617548079264	104	1	9.319104142485235	1e-10	0.017113311167471754	0
1661.8832085395575	104	2	9.115821589527359	1e-10	0.0022596899691081462	0
1661.8197379015267	104	3	10.118174759089031	1e-10	0.0039064300458359295	0
1661.7721121881918	104	4	7.4551297185731364	1e-10	0.004649175069547219	0
1660.3903413738299	104	5	9.284595829388572	1e-10	0.015640022201811654	0
1661.9033285924768	104	6	10.010054205350784	1e-10	0.001255119687968035	0
1661.8600154382925	104	7	9.987151095898223	1e-10	0.0028381502925292766	0
1661.7915260748987	104	8	7.858594539339019	1e-10	0.004816558207219805	0
1654.0387264548633	105	1	1.6147755559322035	1e-10	0.04783977043046936	0
1660.4562662605902	105	2	0.9877410127504848	1e-10	0.019139565422338585	0
1660.2773358524382	105	3	1.5413502709134665	1e-10	0.018918233090882388	0
1660.48408449769	105	4	1.3394558139295878	1e-10	0.015329638114687147	0
1659.1495866280745	105	5	1.6132226363847302	0.0017865083165743737	0.0261243696605646	0
1661.7888463547913	105	6	1.632850693483813	1e-10	0.005662839641366788	0
1661.6480186057079	105	7	1.5434831271721028	1e-10	0.008168435046976608	0
1661.6721987485612	105	8	1.3856999747932943	6.635597789028861e-4	0.006574695753908826	0
1658.177200059791	106	1	2.152951339148318	1e-10	0.02848409668553218	0
1661.4302634112132	106	2	0.973161901192075	1e-10	0.011447286818815518	0
1661.3167879633188	106	3	1.3797437022365129	1e-10	0.011348088185943192	0
1661.3456888018507	106	4	1.388850899844359	1e-10	0.009601286853933192	52
1659.32544422183	106	5	2.136841654224004	1e-10	0.02051669806384241	0
1661.6742405939458	106	6	0.9883547749700384	1e-10	0.006453441846766929	0
1661.564361709062	106	7	1.39702762679032	1e-10	0.007337184345939227	52
1661.4408512844334	106	8	9.3857743445646	1e-10	0.00873947663313061	0
1654.7788338118132	107	1	6.471313409539836	1e-10	0.04004917376055507	0
1659.968327211296	107	2	1.9355807566343524	1e-10	0.02187306174766363	0
1659.9385507711254	107	3	1.584721076735675	1e-10	0.019906899024530182	0
1660.2077074701372	107	4	1.4847348570112795	1e-10	0.016100661415096463	0
1658.1075851518838	107	5	1.6560198458745565	0.0732148704100764	0.0683424190917828	0
1661.4548381888706	107	6	1.7986038401206166	0.0033223605999587492	0.01508457175287707	0
1661.242579269831	107	7	1.5519207911531891	1e-10	0.014902249202899214	0
1661.423825056417	107	8	1.5448131360749846	1e-10	0.009492750889573921	52
1657.73051999304	108	1	1.957914700496455	1e-10	0.02881602741379451	0
1660.951475389065	108	2	1.9432625956192062	1e-10	0.017387483990240506	0
1660.9467836930262	108	3	1.9372797101633856	1e-10	0.014737351197975665	0
1661.0554730594615	108	4	1.9762434507721498	1e-10	0.011918831674815911	0
1659.0958734735716	108	5	1.982181349860029	1e-10	0.020201955957110822	0
1661.467022999993	108	6	1.967900710509641	1e-10	0.008951592039762429	0
1661.3645287063002	108	7	1.9916419516929094	1e-10	0.009092389028633742	0
1661.2181196587767	108	8	1.9868750552630665	1e-10	0.010390375854759019	0
1654.6966472716879	109	1	5.052558995370786	9.999999960041972e-11	0.038610459879920636	0
1659.8897215190825	109	2	0.9875707606759503	1e-10	0.020613606569269617	0
1659.4836840837986	109	3	1.5493605984886258	1e-10	0.0223923640456679	0
1659.9336354878446	109	4	1.2400223194661517	1e-10	0.01717165123075989	0
1658.4477248304786	109	5	7.825492332101753	9.999999960041972e-11	0.02622338885965854	0
1661.4241447972972	109	6	7.690646410056166	1.0000000003410059e-10	0.011128802667513371	0
1661.0723269647028	109	7	1.558288276145309	1e-10	0.01550043418928204	0
1661.314591241492	109	8	10.116777251627676	1e-10	0.009826006076690777	0
1656.899078634853	110	1	2.3337742039637126	1e-10	0.03266565843163496	0
1660.612111981848	110	2	1.221385923882404	1e-10	0.020219249232273744	0
1660.373236926462	110	3	1.3445597355757688	1e-10	0.020588645964335895	0
1660.7133712578957	110	4	7.742522333988612	1e-10	0.014759193659150014	0
1658.611590544937	110	5	2.2077181834344457	1e-10	0.022257994020277713	0
1661.2959349204718	110	6	0.9906466185868598	1e-10	0.010423844161904445	0
1661.090127984817	110	7	1.3539311976769453	1e-10	0.011805669897782036	0
1660.9396496996328	110	8	6.652758967476783	1e-10	0.012759216173189156	0
1656.3369973049012	111	1	1.8745057925023336	1e-10	0.030341430327415698	0
1660.438217627076	111	2	9.187573226914617	1e-10	0.015488857101179317	0
1660.2501618623332	111	3	1.4511733516238983	1e-10	0.01574973138732629	0
1660.0555907253722	111	4	1.383292345064961	1e-10	0.016541760417387856	0
1659.3966660960566	111	5	9.903977212655471	1e-10	0.01946180753637761	0
1661.6184094252644	111	6	9.633033080814604	1e-10	0.007183757593706778	0
1661.4527604121376	111	7	1.4916093408700652	1e-10	0.0089447057545715	0
1661.4080900391941	111	8	1.8924845348643793	9.999999960041972e-11	0.008718457796829445	0
1658.3480356057635	112	1	10.232415369164318	1e-10	0.023751505954175862	0
1661.1586379198347	112	2	9.892412602604947	1e-10	0.012310963711377968	0
1661.0409985703884	112	3	1.3378016380272744	1e-10	0.012158959701693478	0
1660.8928350918209	112	4	1.5838626163772092	1e-10	0.013037934449883624	0
1658.7683800640143	112	5	9.93288187549584	1e-10	0.02164379506531307	0
1661.3760291694798	112	6	9.130251282080343	1e-10	0.00955589578787902	0
1661.2369703480424	112	7	1.3616556645210778	1e-10	0.010136306808019321	0
1660.8103931733008	112	8	9.701588875027518	1e-10	0.015029824259370692	0
1659.512921733276	113	1	0.9748825628805039	0.08357053489460488	0.08962911937509115	0
1661.9108078067509	113	2	0.9848527869149998	0.01851665337648386	0.017429798276346064	0
1661.888980461925	113	3	0.9787083987842252	1e-10	0.0024296363605803757	0
1661.863913275913	113	4	1.5399461215888228	9.999999960041972e-11	0.003002772487132638	0
1661.2392947968337	113	5	5.575688483461522	0.5660264287051197	0.08015384301407724	0
1661.1202454740849	113	6	1.5956559248292266	0.09152048139002597	0.03419438978897948	0
1661.3909967438422	113	7	6.573996010814031	0.08217619568100584	1e-10	0
1661.5729178794334	113	8	1.3885427346363652	0.08390480347697209	0.04143393927781358	0
1661.2378468522786	114	1	0.9817766590901333	1e-10	0.012393747392007659	0
1661.6333468769847	114	2	0.9713744730858342	0.008256911647804307	1e-10	0
1661.790389682236	114	3	0.982548794742441	0.0052492610119332355	1e-10	0
1661.8623663920698	114	4	1.406042119122632	0.004260364786127415	1e-10	0
1661.5097696395142	114	5	0.9835007843962658	1e-10	0.008174243347844634	0
1661.6697141923403	114	6	0.9843434126547107	0.00630652987173455	1e-10	0
1661.7860745082223	114	7	0.9877783991089196	0.004488410399895833	1e-10	0
1661.8293782971941	114	8	8.911214829321821	0.03429675432836333	1e-10	0
1659.6708088353025	115	1	3.1370602795086064	0.20506504545384552	0.072704600842351	0
1661.8678572425463	115	2	1.891269016387703	0.05497487469752232	0.028565915216029896	0
1661.8079450027392	115	3	2.414729389019504	9.999999960041972e-11	0.004626369545356462	0
1661.7789845289903	115	4	1.534193646661637	1e-10	0.004604982355070854	0
1660.896164729975	115	5	1.0019721627234348	0.1075624194512036	0.08634159982260378	0
1661.240682180235	115	6	1.4364667943380591	0.09492862967053914	0.04037599859985776	0
1661.5921177345126	115	7	0.9844578145992446	0.011566836535500136	9.376922322724676e-4	0
1661.6605511192329	115	8	1.5524915087004654	0.10378410760182238	0.047177078809553685	0
1661.0135700724156	116	1	1.9489105717745208	1e-10	0.013349747109666688	0
1661.7924040384594	116	2	1.9614457007209978	0.011360201807675325	1e-10	0
1661.8871217206713	116	3	1.8624190353212255	0.0045847130924581096	1e-10	0
1661.910314492398	116	4	1.9734722158539546	0.0015726809239814026	1e-10	0
1661.364924044775	116	5	2.0580216193994483	1e-10	0.008826604660502297	0
1661.8022320234	116	6	1.8969319017628978	0.008125201766410236	1e-10	0
1661.875959338097	116	7	1.9370247395004752	0.0046177450465641635	1e-10	0
1661.8990904271393	116	8	1.9455453542971515	0.002992795817495073	1e-10	0
1659.1970573026263	117	1	0.977211809019994	1e-10	0.024568921713543596	0
1661.8130571494435	117	2	0.9848229595198236	1e-10	0.004616565871895237	0
1661.658521278941	117	3	0.9795435260373683	1e-10	0.00789420698511968	0
1661.6542945258154	117	4	1.2881938929886547	1e-10	0.006696589948161374	0
1661.038903554953	117	5	2.740922813276687	0.194783236116698	0.06668804128065219	0
1661.5375080014528	117	6	5.864076483511055	0.31092776198733874	0.035360528849789095	0
1661.746825283911	117	7	2.4177541644481026	0.023442973231561966	0.0016706454854013785	0
1661.806342067881	117	8	7.316948846353049	0.34303045205241656	0.035617699104588056	0
1660.469030871701	118	1	0.9823881684328319	1e-10	0.018827485591507393	0
1661.8684622728827	118	2	1.2019254790377976	0.00458788477615275	1e-10	0
1661.9139280241839	118	3	0.9855458141688048	3.442556318079492e-5	1e-10	0
1661.9088025751812	118	4	10.245097327992355	1e-10	0.0010989749663268898	0
1661.080644313472	118	5	0.9867111196043821	1e-10	0.011638486613815667	0
1661.8631162664556	118	6	0.9893995667278884	0.0029697184163168452	1e-10	0
1661.905786874909	118	7	0.9929262995061127	0.0012306556769883172	1e-10	0
1661.914014886184	118	8	8.381380086473346	4.1831731582929856e-4	1e-10	0
1659.9293908246798	119	1	8.80935471459395	0.12453350240703047	0.03173938755127481	0
1661.8550802762122	119	2	8.762798808951418	0.1058791110598548	0.014494866054828701	0
1661.7715143798891	119	3	9.441268865601149	9.999999873305798e-11	0.00484468859556638	0
1661.6995015380596	119	4	1.4263433849606348	9.999999960041972e-11	0.005989218468944717	0
1661.352592615041	119	5	8.312359458437943	0.4647777985372258	0.05299172034304073	0
1661.5629819807098	119	6	8.20910092419262	0.44673489181058634	0.03776770810890402	0
1661.7929014393687	119	7	6.457283775951703	0.101609458409657	0.009881459409821294	0
1661.7913868335668	119	8	6.543520190531795	0.3086089259527908	0.03553604830316949	0
1660.9829281362606	120	1	8.498362282019981	1e-10	0.012644202884781172	0
1661.869815706807	120	2	9.492781691399575	0.02820816537262666	1e-10	0
1661.9102386573647	120	3	10.71991029386408	0.008951996649768085	1e-10	0
1661.9137234811233	120	4	1.58884288453474	1e-10	1.0087213876039801e-4	0
1661.168785019401	120	5	9.3227566780688	1e-10	0.01086356994851965	0
1661.8478518762836	120	6	9.70417736202545	0.03231841340259822	1e-10	0
1661.8991305012407	120	7	10.30192345403074	0.01598982104171415	1e-10	0
1661.9115171913938	120	8	1.6032349288302927	0.0012295448179251048	1e-10	0
1653.4970969955843	121	1	1.313794805308641	1e-10	0.05004743698194954	0
1660.5609726849418	121	2	1.5837653836376706	1e-10	0.016980987514342356	0
1659.713545722778	121	3	0.9897582602209654	1e-10	0.024475412059152653	0
1660.3315960525035	121	4	1.406066881245888	1e-10	0.016357994546931525	0
1658.532480404407	121	5	1.7218689260561615	1e-10	0.029659218652097766	0
1661.7554440551417	121	6	1.8217454012329632	1e-10	0.006218350503274613	0
1661.4144532445307	121	7	1.5182272321866497	1e-10	0.013909963390147169	0
1661.5937841679818	121	8	1.4116300118359277	3.468909796741335e-4	0.007804335151400602	0
1658.1078015001021	122	1	0.9839250702657341	1e-10	0.028259988024538177	0
1661.464262817035	122	2	1.481004540504515	1e-10	0.009847447431733465	0
1661.1261010086641	122	3	0.9851828348723528	1e-10	0.014032166856317977	0
1661.2854622437587	122	4	9.992904350439161	1e-10	0.010040645690430387	0
1659.2113609543294	122	5	0.9837283818304489	1e-10	0.020854069022583178	0
1661.665271602077	122	6	1.402882034983324	1e-10	0.006134944071918359	0
1661.460667282191	122	7	0.990474967993707	1e-10	0.008877359746133386	0
1661.3778140779343	122	8	10.002941634285312	1e-10	0.009316184383124789	0
1654.8577769849346	123	1	4.002763820266728	1e-10	0.038842678173541804	0
1660.2348780096852	123	2	1.6501665422384177	1e-10	0.018159349224966693	0
1659.5174511680902	123	3	3.9217518693862967	1e-10	0.02333322574468371	0
1660.1320206425921	123	4	1.6058616996255186	1e-10	0.01628536879245363	0
1657.5912402496742	123	5	1.082616562154762	0.06577839774088295	0.08277321877498317	0
1661.450923637406	123	6	1.6821725714519107	1e-10	0.0121405588660603	0
1660.7035262622742	123	7	2.4895550576296683	1e-10	0.025025585083182963	0
1661.317149043996	123	8	7.0486874379333235	1e-10	0.010839660250679607	0
1657.901562104484	124	1	1.9301292066406321	1e-10	0.02702698439201259	0
1661.1372935465627	124	2	2.045896733939654	1e-10	0.013252487869577197	0
1660.753493797659	124	3	1.9040382317214428	1e-10	0.016779556084330856	0
1661.0278123360608	124	4	1.986930525347198	1e-10	0.011748235292119599	0
1659.1079214748383	124	5	1.9657078931150782	1e-10	0.019644286310798967	0
1661.492173387078	124	6	2.0520329776579294	1e-10	0.007914790843972667	0
1661.2577695604166	124	7	1.9300040193361019	1e-10	0.010276544574616308	0
1661.178594711199	124	8	1.9384547913809962	1e-10	0.010449759734919956	0
1653.9523670699514	125	1	1.0720642509595073	1e-10	0.04176666299818394	0
1659.9512677268767	125	2	1.6009175071593438	1e-10	0.019278576102053767	0
1658.5655141200905	125	3	0.9708165795621959	1e-10	0.0299153086120682	0
1659.6878011444542	125	4	1.3127489873295732	1e-10	0.018731971924846918	0
1657.593736589549	125	5	3.465405250686357	1e-10	0.0318464541838197	0
1661.3445946683198	125	6	1.636670846749016	1e-10	0.012000683974915416	0
1660.1557314781412	125	7	4.214090002788148	1e-10	0.030752837771509226	0
1661.135163034738	125	8	9.554298862096394	1e-10	0.012097086703448192	0
1656.6182339207764	126	1	0.9838720817704374	1e-10	0.03369080565051306	0
1660.743995822513	126	2	1.4400745541430087	1e-10	0.01722444496876638	0
1659.7076549553567	126	3	0.9871023048324632	1e-10	0.028123884024479278	0
1660.5772384736463	126	4	6.18824304305385	1e-10	0.01576086700241635	0
1658.3825158842608	126	5	0.9842596400028281	1e-10	0.023250134715493507	0
1661.2935847605227	126	6	1.3701723445795206	1e-10	0.009892869928871393	52
1660.8337472239384	126	7	0.9926044878850117	1e-10	0.01474106536235819	0
1660.8088244006278	126	8	5.2205560098203705	1e-10	0.013843673817626492	0
1655.68303269103	127	1	8.789755563569798	1e-10	0.033252220790649184	0
1660.4168163774657	127	2	1.5489225408830458	1e-10	0.01515638410938238	0
1659.7372350721173	127	3	1.6924221567000608	1e-10	0.019958580710860443	0
1659.7769460149818	127	4	1.4380444197125943	1e-10	0.01844424812422348	0
1658.8320023304761	127	5	9.471733907547993	1e-10	0.02321822843076595	0
1661.5583441270778	127	6	1.5541148591872758	1e-10	0.007983952731711597	0
1661.1622709352582	127	7	10.047372814008767	1e-10	0.013708795912495294	0
1661.2443521334546	127	8	7.070293240883015	1e-10	0.010904254746072428	0
1658.0678710003092	128	1	7.008168497543451	1e-10	0.02502818738809875	0
1661.16279777834	128	2	1.404344757146313	1e-10	0.011590876836944933	0
1660.7604538350704	128	3	11.191215165314121	1e-10	0.015332865195294509	0
1660.7484201823659	128	4	8.821113308678974	1e-10	0.014251964154630673	0
1658.4748841781222	128	5	8.540001633805053	1e-10	0.02310207981739591	0
1661.357112412256	128	6	1.37097862698562	1e-10	0.009321226786094493	0
1661.0178497544343	128	7	10.549713913644952	1e-10	0.012755390055546026	0
1660.6081806105851	128	8	6.386372009487609	1e-10	0.016965735785931562	0
