sum_chi_square	label	label_2	constant	linear	exponential	convergence
1656.5158138515194	1	1	1	1e-10	0.039973809644176114	0
1661.476775542363	1	2	1	0.024420349299370505	0.030865947454014185	0
1661.3135842326762	1	3	1	1e-10	0.01038507626987222	0
1661.1478967367386	1	4	1	1e-10	0.01191349026557267	0
1660.313710396495	1	5	1	0.09038329027953246	0.07999827992889333	0
1661.5892664847117	1	6	1	0.07625930246092734	0.05618636542973554	0
1661.8808025415372	1	7	1	0.033912551280869355	0.030116540470602145	0
1661.6788131001626	1	8	1	0.07599685723308328	0.05833660766716797	0
1659.783756957535	2	1	1	1e-10	0.020904482381126674	0
1661.8798006600307	2	2	1	1e-10	0.0025466468786655397	0
1661.8179384600264	2	3	1	1e-10	0.004013144914116481	0
1661.7559480491293	2	4	1	1e-10	0.005212670459977259	0
1660.0482396956281	2	5	1	1e-10	0.019234288077911055	0
1661.9023670484291	2	6	1	1e-10	0.0013995168944251962	0
1661.858685514853	2	7	1	1e-10	0.002936544581662013	0
1661.7710313808034	2	8	1	1e-10	0.0056655135089635975	0
1657.4227511646761	3	1	1	9.999999981726015e-11	0.030264911572795105	0
1661.2847980459735	3	2	1	0.027132030246530554	0.0342591944273547	0
1661.1505816825563	3	3	1	1e-10	0.010834491720194368	0
1660.991815880341	3	4	1	1e-10	0.01198346960262637	0
1659.8365051089459	3	5	1	0.09567295585518144	0.08515890195778072	0
1661.5379101978085	3	6	1	0.08101783796942079	0.06130623304330979	0
1661.816412698905	3	7	1	0.039733963788293206	0.03688188912862641	0
1661.578801131259	3	8	1	0.07834836902329266	0.06192661932025647	0
1659.619661041825	4	1	1	1e-10	0.01992713736132992	52
1661.7838164636737	4	2	1	1e-10	0.004990974215943984	0
1661.6997165506682	4	3	1	1e-10	0.005856673560023651	0
1661.6156411198572	4	4	1	1e-10	0.006938929930482859	0
1659.9919721082565	4	5	1	1e-10	0.017452895922893796	0
1661.8438792129223	4	6	1	1e-10	0.0033440932634637094	0
1661.7737033102578	4	7	1	1e-10	0.004455623204359307	0
1661.6378475841211	4	8	1	1e-10	0.007277910463333218	0
1656.7648517873715	5	1	1	1e-10	0.03264139676978336	0
1661.1168246880566	5	2	1	0.01540922260540309	0.025783381058207634	0
1660.8299815460573	5	3	1	1e-10	0.013584312164231026	0
1660.6857075926284	5	4	1	1e-10	0.014230934518136984	0
1659.9703975587486	5	5	1	0.06295466581138813	0.06621662552240253	0
1661.6733512411115	5	6	1	0.06022604956196564	0.04991361618443951	0
1661.776239935438	5	7	1	0.02587546609594872	0.027820353308506945	0
1661.6597807310627	5	8	1	0.05214423010144392	0.046872892750338555	0
1658.8325323859106	6	1	1	1e-10	0.024872947127389525	0
1661.6517143305018	6	2	1	1e-10	0.007390453592013912	0
1661.488989605636	6	3	1	1e-10	0.009247169555930416	0
1661.385565082178	6	4	1	1e-10	0.01009096024473628	0
1659.3763944737102	6	5	1	9.999999981726015e-11	0.02131042542424594	0
1661.7577974238204	6	6	1	1e-10	0.005136152089732215	0
1661.6285670195907	6	7	1	1e-10	0.006976375017650766	0
1661.389131601905	6	8	1	1e-10	0.011085651885595075	0
1657.2554278707983	7	1	1	1e-10	0.03024249162986414	0
1661.2382281773475	7	2	1	0.011561815505273765	0.021089503284337233	0
1661.0486351277284	7	3	1	1e-10	0.011262481176955365	0
1660.5896182121658	7	4	1	1e-10	0.01589805275282474	0
1660.2891271715923	7	5	1	0.055728236901963366	0.05925472023287305	0
1661.7027837562011	7	6	1	0.05790047269197096	0.047469453713404726	0
1661.825194673401	7	7	1	0.023003815020289697	0.02407002459905156	0
1661.6687851485835	7	8	1	0.054990701948275406	0.048613027095900874	0
1659.359420200206	8	1	1	1e-10	0.021156022408667235	0
1661.7286358017204	8	2	1	9.999999960041972e-11	0.005697766723803642	0
1661.6228269273404	8	3	1	1e-10	0.006770703399157797	0
1661.4054199771938	8	4	1	1e-10	0.010294818175546113	0
1659.0619480506537	8	5	1	1e-10	0.0246309048763367	0
1661.7699066488226	8	6	1	1e-10	0.005248857785358856	0
1661.6589766451536	8	7	1	1e-10	0.006722399397366024	0
1661.0484867158398	8	8	1	1e-10	0.019486478485875963	0
1655.3561172696677	9	1	1	0.01869800252689543	0.05300840072296362	0
1660.224442236505	9	2	1	0.046160759685907944	0.0550494871307594	0
1660.2479862687117	9	3	1	0.0036348073324765457	0.01939396633660044	0
1659.883646845178	9	4	1	0.029039072949001137	0.043596948408754485	0
1658.7598526201295	9	5	1	0.10061216463951939	0.08994328406021951	0
1661.01514366368	9	6	1	0.09730140952224589	0.07566524409337366	0
1661.3669722319594	9	7	1	0.055429682146257264	0.052542156920191464	0
1660.9232444943436	9	8	1	0.09961273925664835	0.07809853027330577	0
1657.9768588841762	10	1	1	1e-10	0.026333238251157107	0
1661.1182505653057	10	2	1	1e-10	0.013028169876917437	0
1661.0821764384623	10	3	1	1e-10	0.011626452996580758	0
1660.8485656408002	10	4	1	1e-10	0.013653753346734156	0
1658.4148741084725	10	5	1	1e-10	0.024170587493221925	0
1661.344701066727	10	6	1	1e-10	0.010151823676086547	0
1661.2585520205432	10	7	1	1e-10	0.009850990146160797	0
1660.7287684879554	10	8	1	1e-10	0.016207325751284335	0
1655.3186364986097	11	1	1	0.036373498692601536	0.0645699549825757	0
1659.6939754692185	11	2	1	0.047844890723268155	0.05901193942496905	0
1659.8737069695196	11	3	1	0.009421691955112879	0.026320411739526248	0
1659.4924325121601	11	4	1	0.03369810860695689	0.04839936835681968	0
1657.6903526551423	11	5	1	0.11235429461070023	0.10055253131937035	0
1660.4642951882167	11	6	1	0.11138523490599525	0.08857560876500827	0
1660.924421072657	11	7	1	0.06613373378511904	0.06383986456917948	0
1660.4193039990694	11	8	1	0.10948481892100052	0.08710047851978403	0
1657.3599082863855	12	1	1	1e-10	0.027874891533698015	0
1660.517171137292	12	2	1	1e-10	0.018834098955760364	0
1660.6654428023367	12	3	1	1e-10	0.014793129929587347	0
1660.3715599424365	12	4	1	1e-10	0.01694547881975579	0
1658.0736419153184	12	5	1	1e-10	0.024237342247614806	0
1660.9855044637618	12	6	1	1e-10	0.013452314251756135	0
1660.9702775823407	12	7	1	1e-10	0.011890730905821389	0
1660.2821443374735	12	8	1	1e-10	0.01889393194413429	0
1654.9842207582124	13	1	1	0.012630889002961502	0.04571612565922944	0
1659.5755289067572	13	2	1	0.031379643160158045	0.04708788675678645	0
1659.424279221988	13	3	1	0.0038922652389331933	0.02339542344683691	0
1659.1123710619497	13	4	1	0.004279634595557173	0.02512281914379831	0
1658.2085286783347	13	5	1	0.07231609318359092	0.07730291225013758	0
1660.8076968482985	13	6	1	0.07754112855938539	0.06921864049452628	0
1660.8664019912808	13	7	1	0.043029527293222694	0.04934122370643033	0
1660.6685758540893	13	8	1	0.07071047873686132	0.06624436356534988	0
1656.391506520147	14	1	1	1e-10	0.032214207843065785	0
1660.0715621639708	14	2	1	1e-10	0.022212775332745963	0
1660.0524166338032	14	3	1	1e-10	0.019930755101731805	0
1659.7470393150286	14	4	1	1e-10	0.02168191997992816	0
1657.332700640805	14	5	1	1e-10	0.02745657269396593	0
1660.6985952814323	14	6	1	1e-10	0.0155476761946059	0
1660.5470880218234	14	7	1	1e-10	0.015428388029878863	0
1659.562044113323	14	8	1	1e-10	0.02468364203518469	0
1655.5493687589912	15	1	1	0.0025472304233903655	0.03409599245373302	0
1659.8800728406586	15	2	1	0.025421173738841854	0.0403656122036043	0
1659.8513012238627	15	3	1	1e-10	0.016606870486679404	0
1658.8615370465554	15	4	1	0.006371879032337645	0.029526212710178336	0
1658.7333369888147	15	5	1	0.06501815653019975	0.07014604789637856	0
1661.023659191806	15	6	1	0.07166277117286253	0.06338117255211444	0
1661.1492640904712	15	7	1	0.03586501082428762	0.04088763915724117	0
1660.644736066224	15	8	1	0.0761560753535584	0.06986287741698025	0
1657.2614839871792	16	1	1	1e-10	0.027668448074574574	0
1660.545645619665	16	2	1	1e-10	0.017104923738062574	0
1660.5727364972402	16	3	1	1e-10	0.014828662620941164	0
1659.7043746085458	16	4	1	9.999999960041972e-11	0.02281097505023314	0
1656.7963725327863	16	5	1	1e-10	0.03132022759369928	0
1660.6204821428882	16	6	1	1e-10	0.01721123119465996	0
1660.5949027396957	16	7	1	1e-10	0.015423619922962541	0
1657.3881380028283	16	8	1	1e-10	0.049078516627980615	0
1658.3678645463665	17	1	1	0.16302764098365533	0.11501427383783297	0
1660.5191991095357	17	2	1	0.13965597215387154	0.08952105119066671	0
1661.3148773331811	17	3	1	0.08737538938773241	0.06800238898132462	0
1660.1509411374996	17	4	1	0.1755345267176497	0.1061048793273375	0
1658.947914350998	17	5	1	0.1813273928530716	0.11052410675134776	0
1659.3460823377893	17	6	1	0.16610764883441484	0.09233751096600624	0
1660.6130996438465	17	7	1	0.1241536554100352	0.07741227639714882	0
1659.137107832862	17	8	1	0.19892936074113599	0.10613668912928921	0
1660.9206502543536	18	1	1	1e-10	0.013550075884601866	0
1661.820745782684	18	2	1	0.04465623960257423	0.03385048576125748	0
1661.909981161154	18	3	1	8.491578093583486e-4	1e-10	0
1661.9135281615231	18	4	1	0.0011938116134133324	0.0015191839432270786	0
1661.1128295034396	18	5	1	1e-10	0.011730738088772674	0
1661.8119678057503	18	6	1	0.038418959293947536	0.028896577824261357	0
1661.898540806392	18	7	1	0.001584205283386373	1e-10	0
1661.9108487981498	18	8	1	8.542776402299644e-4	9.999999873305798e-11	0
1658.3926681626456	19	1	1	0.1430709964649509	0.10656835904802542	0
1660.4393688816526	19	2	1	0.13564936936944832	0.08970204469659755	0
1661.1688206922663	19	3	1	0.08714877185885146	0.06940899963745416	0
1660.162876692934	19	4	1	0.15682723744699062	0.10072213707093211	0
1658.6609474818024	19	5	1	0.17713777940316763	0.11209829664206586	0
1659.2500064145793	19	6	1	0.17409931520771024	0.09667431500166708	0
1660.579971658363	19	7	1	0.12952151566814143	0.08203820619698271	0
1659.102722490041	19	8	1	0.1990092904447437	0.10827813594394359	0
1660.6372952503589	20	1	1	1e-10	0.014804400366818925	0
1661.8493195253063	20	2	1	0.05059930749553609	0.04004726329614219	0
1661.9023118851394	20	3	1	2.492294017974055e-4	0.0017456664805786974	0
1661.8716606982252	20	4	1	0.0012197134046495709	0.004188129239758489	0
1660.9159725487063	20	5	1	1e-10	0.012295740995600556	0
1661.8613618029246	20	6	1	0.0434888379593474	0.034360645511048615	0
1661.9128340352856	20	7	1	1e-10	4.351636884087058e-4	0
1661.8933392444787	20	8	1	1e-10	0.002264152125339834	0
1658.264341714628	21	1	1	0.11169316026788889	0.09672521821213938	0
1660.745244894414	21	2	1	0.11012534928281029	0.0805968335740596	0
1661.1212435251675	21	3	1	0.07324862410959959	0.06458250563638047	0
1660.4557387862974	21	4	1	0.125933580710536	0.09089465297378299	0
1659.276908807459	21	5	1	0.14731365501470367	0.10134990955461813	0
1659.9540281349207	21	6	1	0.1476449825601667	0.08760048319601833	0
1660.9563187914152	21	7	1	0.11071410673919073	0.07442510373043339	0
1659.8109776092638	21	8	1	0.17307230396745843	0.09920676650359948	0
1659.9576129539087	22	1	1	1e-10	0.020540893720355835	0
1661.882421465801	22	2	1	0.030998142024544973	0.029003775521981582	0
1661.8310615164992	22	3	1	1e-10	0.004795307558100556	0
1661.7483595742153	22	4	1	1e-10	0.006999793281692937	0
1660.4278651626473	22	5	1	1e-10	0.016445243171336523	0
1661.9140368772044	22	6	1	1e-10	1e-10	0
1661.882602218575	22	7	1	1e-10	0.0025732748235408436	0
1661.7862816165982	22	8	1	1e-10	0.006868131311980664	0
1658.705376816591	23	1	1	0.10489827910297585	0.09110240350956346	0
1660.8756079182747	23	2	1	0.10477368517734201	0.07652654502430122	0
1661.299654321546	23	3	1	0.06686317154788973	0.05841599906379539	0
1660.3213550365556	23	4	1	0.13771354155154866	0.09696294122149973	0
1659.580455384321	23	5	1	0.13979710699640258	0.09602395407788158	0
1660.0280313943456	23	6	1	0.14085721316857075	0.08400532964731967	0
1660.9965427666466	23	7	1	0.10577100231644586	0.07071350617801317	0
1659.688736329158	23	8	1	0.18096533880527885	0.10177734292845633	0
1660.375822591222	24	1	1	1e-10	0.016684124209416045	0
1661.8932258920786	24	2	1	0.030214783579673582	0.027189991705688595	0
1661.8740317390543	24	3	1	1e-10	0.002782317897083802	0
1661.777672016543	24	4	1	7.805136525731585e-4	0.007335937420690287	0
1660.3203596358335	24	5	1	1e-10	0.018275175132874792	0
1661.9041056817919	24	6	1	0.0253445023617837	0.022270411912599913	0
1661.8957491125698	24	7	1	9.999999960041972e-11	0.0019748634954229387	0
1661.6320692692004	24	8	1	1e-10	0.018020820287279294	0
1655.2962898351336	25	1	1	0.07319951199379551	0.09003968409273894	0
1660.3081317914173	25	2	1	0.06222700256176048	0.06349548322379922	0
1659.970811603064	25	3	1	0.0175433387938785	0.03412200657403022	0
1659.7563693286681	25	4	1	0.059901791416306555	0.06533317572358087	0
1658.1854793865757	25	5	1	0.12881601521409206	0.10466255817909997	0
1660.8028871707156	25	6	1	0.11389604685698974	0.08372070024462203	0
1661.1094256486558	25	7	1	0.07732024040307274	0.06828584350658976	0
1660.5678201373214	25	8	1	0.12644906396294445	0.09175978057087747	0
1658.1187729625492	26	1	1	1e-10	0.02481179321488386	0
1661.216920573826	26	2	1	9.999999960041972e-11	0.010803093142276171	0
1660.9503166409577	26	3	1	1e-10	0.012860992624383203	0
1660.8296284542143	26	4	1	1e-10	0.013316163995021066	0
1658.4745689477668	26	5	1	1e-10	0.023216675395518725	0
1661.3868876090096	26	6	1	1e-10	0.008862913484062691	0
1661.1426365128543	26	7	1	1e-10	0.011030377425224759	0
1660.6998043875337	26	8	1	1e-10	0.015877945324814	0
1655.5516327770654	27	1	1	0.07125498573432722	0.08520117469279784	0
1659.944263528763	27	2	1	0.06188664757517148	0.06475117315319188	0
1659.6629982540373	27	3	1	0.024268145701741625	0.04037691207467906	0
1659.4797098078386	27	4	1	0.057170282989999974	0.06391446761187611	0
1657.2677097673475	27	5	1	0.1335287112630301	0.11052366568190385	0
1660.3396648527544	27	6	1	0.12369130150220846	0.09256282142738907	0
1660.5435110499989	27	7	1	0.08986365418377569	0.08051490999132123	0
1660.087338768171	27	8	1	0.1306489299568612	0.09736138942690135	0
1657.7347829337336	28	1	1	1e-10	0.025085667800101383	0
1660.8262763938735	28	2	1	1e-10	0.014039493293829393	0
1660.5589388856263	28	3	1	1e-10	0.015427809203270953	0
1660.4479520365637	28	4	1	1e-10	0.015534928043146882	0
1658.296685456628	28	5	1	1e-10	0.022376252069066356	0
1661.1230934879768	28	6	1	1e-10	0.010935819829124291	52
1660.8712808352695	28	7	1	1e-10	0.012594361635105031	0
1660.3621989175122	28	8	1	1e-10	0.01731240890305691	0
1654.7376345276884	29	1	1	0.04915954324701398	0.07439493397229356	0
1659.6961502008005	29	2	1	0.045515580651434934	0.0555140117929985	0
1658.9290539260064	29	3	1	0.019660485188602868	0.04092609182004696	0
1658.9387720364336	29	4	1	0.025431037968007664	0.044353143096672557	0
1657.5844866257578	29	5	1	0.09550722546721696	0.09241253349391218	0
1660.6363034734406	29	6	1	0.0923507718526394	0.0772934568196168	0
1660.377768770503	29	7	1	0.06257546540714748	0.06743345829419752	0
1660.3320591606941	29	8	1	0.09214918228652084	0.07994912066315946	0
1656.457294529511	30	1	1	1e-10	0.031184715549187732	0
1660.3635877218478	30	2	1	1e-10	0.01790331452625024	0
1659.6584841032088	30	3	1	1e-10	0.02330418136303546	0
1659.6911576161945	30	4	1	1e-10	0.021491278552684505	0
1657.287862382805	30	5	1	1e-10	0.02716235370425912	0
1660.806890399568	30	6	1	1e-10	0.013562732743570616	0
1660.261337197949	30	7	1	1e-10	0.017957538722626534	0
1659.4589725470591	30	8	1	1e-10	0.024853477067243057	0
1655.1995685284417	31	1	1	0.03782087653347266	0.06484302280610961	0
1659.9323474888524	31	2	1	0.03946036722768028	0.04980849958616562	0
1659.433683012149	31	3	1	0.0026813905956462928	0.022100697147578965	0
1658.5674228252312	31	4	1	0.038976563672130295	0.05790465736593388	0
1658.1556092970861	31	5	1	0.08650711779596428	0.0848455725301648	0
1660.8584700297386	31	6	1	0.08509198187614497	0.0712727039581581	0
1660.8408620154164	31	7	1	0.04862849393125406	0.05323762252517878	0
1660.2125141293823	31	8	1	0.10282678912762033	0.08666445440920822	0
1657.179793163467	32	1	1	1e-10	0.027583079477346187	0
1660.6741226948031	32	2	1	1e-10	0.0148392944545244	0
1660.2914390965582	32	3	1	1e-10	0.017299078371428946	0
1659.577663470956	32	4	1	1e-10	0.023283448108502153	0
1656.6309867836887	32	5	1	1e-10	0.03166730310118827	0
1660.7298218852306	32	6	1	1e-10	0.015058657988975425	0
1660.2614661456182	32	7	1	1e-10	0.018587518622108844	0
1656.976200761986	32	8	1	1e-10	0.05145340874013885	0
1655.5119485325968	33	1	1	0.353173851486872	0.22188289478659912	0
1661.9126347908855	33	2	1	4.482581307969955e-4	9.999999960041972e-11	0
1661.8958530768311	33	3	1	1e-10	0.0022071841716918405	0
1661.8710812183388	33	4	1	1e-10	0.0029390648081614886	0
1661.1403108837155	33	5	1	0.13899923077519813	0.10039343932483732	0
1661.1552115644872	33	6	1	0.04582447125676652	0.0258459820008074	0
1661.454091678534	33	7	1	0.010438061870474632	1e-10	0
1661.6531133291523	33	8	1	0.04496538843018732	0.03134381532615697	0
1661.1883598594304	34	1	1	1e-10	0.013805325909277523	0
1661.6168059104775	34	2	1	0.008516061389699086	1e-10	0
1661.7947119162377	34	3	1	0.0047327103897613415	1e-10	0
1661.8583554597024	34	4	1	0.0029167578011930376	1e-10	0
1661.492917859548	34	5	1	1e-10	0.008883159605564054	0
1661.6497926769669	34	6	1	0.006602733383270824	1e-10	0
1661.785225251552	34	7	1	0.0042630508586986166	1e-10	52
1661.8254900358986	34	8	1	0.0036854858123441664	1e-10	0
1658.2981210573591	35	1	1	0.09473883224464881	0.10413679891804012	0
1661.8838548197796	35	2	1	8.68186448256615e-4	0.003783771623108892	0
1661.8173825214496	35	3	1	1e-10	0.004633486890909611	0
1661.7868546799152	35	4	1	1e-10	0.004666822814267412	0
1660.6795818217938	35	5	1	0.14799296847969046	0.1083953456364109	0
1661.3034467844027	35	6	1	0.056336884945623916	0.033677186852745455	0
1661.6364369087034	35	7	1	0.008627959163480112	1e-10	0
1661.7554707845077	35	8	1	0.051577399946794375	0.037467686074775616	0
1660.9648090725723	36	1	1	1e-10	0.014489149985167296	52
1661.7793530322933	36	2	1	0.005870343885095178	1e-10	0
1661.8833966681175	36	3	1	0.002359616230124914	1e-10	0
1661.9074287403296	36	4	1	9.723955080130258e-4	1e-10	0
1661.347631747739	36	5	1	1e-10	0.009411906744867023	0
1661.7885215978354	36	6	1	0.004475305853945228	1e-10	0
1661.8716052594127	36	7	1	0.0023582395251703866	1e-10	0
1661.894795711281	36	8	1	0.001638396264432117	1e-10	0
1658.085133688842	37	1	1	0.04768332683170993	0.07509262184480982	0
1661.8196569904258	37	2	1	1e-10	0.004763517597572278	0
1661.6986021188832	37	3	1	1e-10	0.007108504365843837	0
1661.6847295850084	37	4	1	1e-10	0.0062465546575816945	0
1661.0980650077975	37	5	1	0.07993256659554768	0.07241998027379518	0
1661.6314396734206	37	6	1	0.03814517162873004	0.02566576272416544	0
1661.7854332077636	37	7	1	0.00552341808207049	9.999999960041972e-11	0
1661.864457648255	37	8	1	0.023461349536274472	0.018535682849084207	0
1660.5685784947887	38	1	1	1e-10	0.017990040157310996	0
1661.8657518109912	38	2	1	0.00345797224701132	1e-10	0
1661.911202425057	38	3	1	7.403047600891663e-4	1e-10	0
1661.9128136719091	38	4	1	1e-10	4.563175211771691e-4	0
1661.1220423506288	38	5	1	1e-10	0.011386705282023433	0
1661.8582047452737	38	6	1	0.0029387012876799703	1e-10	0
1661.903094336292	38	7	1	0.0012535055521231528	1e-10	0
1661.9140368772044	38	8	1	1e-10	1e-10	0
1659.2534125018435	39	1	1	1e-10	0.025221836300972803	0
1661.8615630383506	39	2	1	1e-10	0.0031148288554651692	0
1661.7892097665356	39	3	1	1e-10	0.004564229714552752	0
1661.7185650158146	39	4	1	1e-10	0.0057926853785245785	0
1661.4155351018894	39	5	1	0.0536807703341251	0.0519124451467696	0
1661.642668786405	39	6	1	0.04258668549978468	0.02993154394343243	0
1661.803884041922	39	7	1	0.004197482889468153	9.999999960041972e-11	0
1661.8493741299997	39	8	1	0.025291987969360632	0.019688562829668636	0
1661.0069095382771	40	1	1	1e-10	0.01266595958476966	0
1661.8637664253465	40	2	1	0.0029758141495614078	1e-10	0
1661.9076988316567	40	3	1	9.276445319519076e-4	1e-10	0
1661.9140368772044	40	4	1	1e-10	1e-10	0
1661.1794489152976	40	5	1	1e-10	0.011038292575184043	0
1661.840721367128	40	6	1	0.0033508094744387103	1e-10	0
1661.8959514514845	40	7	1	0.0015513488641433009	1e-10	0
1661.908886851271	40	8	1	9.348927355965642e-4	1e-10	0
1654.5941557972137	41	1	1	0.20173722211310624	0.162321738829678	0
1661.1743164014936	41	2	1	0.06306912597863053	0.06492764046007525	0
1661.2152550192752	41	3	1	9.999999960041972e-11	0.012509433427489006	0
1661.19781876924	41	4	1	1e-10	0.01147564466484117	0
1659.3472403369697	41	5	1	0.16916599682407177	0.12084937664212388	0
1661.4224097967262	41	6	1	0.11556982112453246	0.07799424372003137	0
1661.8983587340172	41	7	1	0.0336100943537751	0.029937938920544034	0
1661.6913367284985	41	8	1	0.08450025763033432	0.06301544206986161	0
1659.5516791412313	42	1	1	1e-10	0.023490689595807145	0
1661.871616199349	42	2	1	1e-10	0.00370682831806852	0
1661.8145921747487	42	3	1	1e-10	0.004529806066573881	0
1661.776215544175	42	4	1	1e-10	0.004862299890299093	0
1660.3847469898028	42	5	1	1e-10	0.01604168390743922	0
1661.9064587053329	42	6	1	1e-10	0.0011975292634043557	0
1661.872417324332	42	7	1	1e-10	0.002462013577043446	0
1661.823813845512	42	8	1	1e-10	0.003882405854071358	0
1654.9160806401076	43	1	1	0.15517578620267444	0.13933958939224755	0
1660.5869456155197	43	2	1	0.07335976840731441	0.07724022741149719	0
1660.8643059169924	43	3	1	8.113437485153267e-4	0.015968243517163264	0
1660.8956204607919	43	4	1	9.999999960041972e-11	0.013556755116187487	0
1657.7847768406155	43	5	1	0.2051071662902105	0.14292746211559348	0
1661.014339800285	43	6	1	0.16675310083717787	0.10961039520471852	0
1661.785365827846	43	7	1	0.057472967184343214	0.051671345723200535	0
1661.5400906391756	43	8	1	0.09592263235066124	0.07183988700926519	0
1658.8745123065748	44	1	1	9.999999997989048e-11	0.026552107754557012	0
1661.6404017069613	44	2	1	1e-10	0.011252794855966143	0
1661.62899939713	44	3	1	1e-10	0.008220298400042025	0
1661.5953499227674	44	4	1	1e-10	0.007757072780490266	0
1660.0406564299217	44	5	1	1e-10	0.017263768716560206	0
1661.8369905749846	44	6	1	1e-10	0.004056930399465453	0
1661.7809770169556	44	7	1	1e-10	0.004509583791940277	0
1661.691900176571	44	8	1	1e-10	0.006177438421385054	0
1655.6004644529282	45	1	1	0.08543929911750327	0.10264847163839642	0
1660.6443614163854	45	2	1	0.037046540647545534	0.050462666615566976	0
1660.577153944172	45	3	1	1e-10	0.01716554401285637	0
1660.6989136114428	45	4	1	1e-10	0.014380279008532462	0
1659.2649961379407	45	5	1	0.11204561398221934	0.09827567615024396	0
1661.5650255232254	45	6	1	0.08656427560481748	0.0681668106934224	0
1661.7572293421824	45	7	1	0.026819434345481064	0.030213515663458666	0
1661.692228049002	45	8	1	0.0532097817456891	0.04767267231992883	0
1658.2979740446965	46	1	1	1e-10	0.029392116570304442	0
1661.442719006646	46	2	1	1e-10	0.01401367075214633	0
1661.3793899775178	46	3	1	1e-10	0.01212868768689507	0
1661.4025947747643	46	4	1	1e-10	0.010128966389991837	0
1659.7073058743908	46	5	1	1e-10	0.018770022382160922	0
1661.7529231628157	46	6	1	1e-10	0.005664620048458685	0
1661.662613931198	46	7	1	1e-10	0.006454409730111206	0
1661.544583134057	46	8	1	1e-10	0.008136502745514536	0
1657.3246166318174	47	1	1	0.02045423898746905	0.048678121316642606	0
1661.072724373609	47	2	1	0.013926446083171555	0.026095098172968928	0
1661.023224767398	47	3	1	1e-10	0.011884877496641164	0
1660.780632385251	47	4	1	1e-10	0.013904828069921035	0
1660.1556815445083	47	5	1	0.07846529718315984	0.07401667902762381	0
1661.674849236487	47	6	1	0.07164565151172793	0.05645457925492365	0
1661.8387199090384	47	7	1	0.017068023264798508	0.01925816241660604	0
1661.7287845462129	47	8	1	0.052925919387297654	0.04667427242277046	0
1659.4099288390896	48	1	1	1e-10	0.02095535069014992	0
1661.6861063416604	48	2	1	1e-10	0.007453671384468743	0
1661.6241229456355	48	3	1	1e-10	0.007060295810007842	0
1661.4958776883886	48	4	1	1e-10	0.008804106663286931	0
1659.8058406156567	48	5	1	1e-10	0.018409714256799114	0
1661.7877703599227	48	6	1	1e-10	0.00495604239825838	0
1661.718718679987	48	7	1	1e-10	0.005428874648758304	0
1661.50399402032	48	8	1	1e-10	0.009657565012167508	0
1657.1471211466883	49	1	1	0.36436599891798366	0.17364627356892817	0
1660.2405470499077	49	2	1	0.19047185987369392	0.10126138032783383	0
1661.8149779437736	49	3	1	0.004937006900233161	1e-10	0
1660.6918821737345	49	4	1	0.17580702603618717	0.09817950319398752	0
1658.597330198516	49	5	1	0.2518021331878755	0.12997573461224218	0
1658.2426111693615	49	6	1	0.19446333962220336	0.09284519809462308	0
1660.013698942024	49	7	1	0.11844739587856659	0.0648303225254138	0
1658.997770909912	49	8	1	0.19328506615392838	0.09645114814386539	0
1661.7820569480623	50	1	1	4.993741135065993e-4	0.006112058792471113	0
1660.7101296912745	50	2	1	0.02017903306864348	1e-10	0
1661.2807260679483	50	3	1	0.012251466098032371	1e-10	0
1661.4854492890024	50	4	1	0.009344196605976789	1e-10	0
1661.8567237837879	50	5	1	9.999999960041972e-11	0.0030765837497962814	0
1661.0644172076293	50	6	1	0.01290522853485088	1e-10	0
1661.3881092633844	50	7	1	0.00922359899746569	1e-10	0
1661.4146086291273	50	8	1	0.009883393293481448	1e-10	0
1658.0679703153044	51	1	1	0.25922444363581426	0.14620280777271777	0
1660.2604739453247	51	2	1	0.19048231385727932	0.10328353248192866	0
1661.6086390062712	51	3	1	0.08868597662961378	0.06409377633947815	0
1660.7980788543903	51	4	1	0.16097271011340591	0.09458158557576844	0
1658.3835063906517	51	5	1	0.24941318680249966	0.13300298379149827	0
1657.9046310463689	51	6	1	0.21092994323754138	0.09553807315159132	0
1660.0489606840556	51	7	1	0.1274609318152344	0.06885958024558904	0
1658.9612309171646	51	8	1	0.19966813914724485	0.09860825756870654	0
1661.6181051124443	52	1	1	1e-10	0.008110407370088925	0
1660.9047077731436	52	2	1	0.021379400741786667	1e-10	0
1661.5039941081627	52	3	1	0.010288876838367893	1e-10	0
1661.667167843391	52	4	1	0.007248679356281472	1e-10	0
1661.7663487830255	52	5	1	1e-10	0.004718666455386811	0
1661.3019164014138	52	6	1	0.011334605027176032	1e-10	0
1661.585886262873	52	7	1	0.007250998699009547	1e-10	0
1661.626995150187	52	8	1	0.007379665587005184	1e-10	0
1660.2660806163442	53	1	1	1e-10	0.020634014893242177	0
1661.8912560161705	53	2	1	0.0029338796864791586	3.524579577781845e-4	0
1661.9140368772044	53	3	1	1e-10	1e-10	0
1661.306097232894	53	4	1	0.11884639474856336	0.07952665972336859	0
1659.5423257749812	53	5	1	0.19332553263788596	0.11540579527222838	0
1659.2416001287363	53	6	1	0.16383464644247328	0.0834707109103287	0
1660.6077973380104	53	7	1	0.0989995643756729	0.056347749287724944	0
1659.8339464981404	53	8	1	0.16464898671693484	0.08744454475698095	0
1661.351955260739	54	1	1	9.999999960041972e-11	0.012238867733155778	0
1661.1410900740143	54	2	1	0.019560189194293545	1e-10	0
1661.5698934147554	54	3	1	0.011121341599339925	1e-10	0
1661.7503515528617	54	4	1	0.006515711741110137	1e-10	0
1661.6353179938483	54	5	1	1e-10	0.006839720645836859	0
1661.461806125771	54	6	1	0.00989467237488892	1e-10	0
1661.660528473166	54	7	1	0.006989925235754788	1e-10	0
1661.7139441459592	54	8	1	0.006668361401987082	1e-10	0
1659.7545201662854	55	1	1	0.14865058952497126	0.10646482911663968	0
1661.1471121998484	55	2	1	0.11676484844606418	0.07550546366828258	0
1661.7891821445205	55	3	1	0.05731951522566488	0.04581016854342184	0
1661.3108641754086	55	4	1	0.1190371214109695	0.07886731353172766	0
1660.068585206755	55	5	1	0.16283755226191765	0.10021016529003776	0
1659.454378256006	55	6	1	0.1528803180513535	0.08100743163482432	0
1660.7311661563313	55	7	1	0.10174813873931972	0.06100137448491832	0
1659.813521069627	55	8	1	0.1632641160684914	0.08685430610430639	0
1661.5746180738026	56	1	1	1e-10	0.007917805833793359	0
1661.4125716537146	56	2	1	0.011533886806189848	1e-10	0
1661.680198585351	56	3	1	0.006825447533604107	1e-10	0
1661.7344642779117	56	4	1	0.006410921493400403	1e-10	0
1661.6776896524698	56	5	1	1e-10	0.006257497519886713	0
1661.4272590387639	56	6	1	0.010035424231925924	1e-10	0
1661.65282590611	56	7	1	0.006667930750760759	1e-10	0
1661.6070563282783	56	8	1	0.009466605907971035	1e-10	0
1653.6583555012899	57	1	1	0.31045687321785737	0.19153411409317408	0
1661.218872254773	57	2	1	0.08704883036987783	0.07580613385538966	0
1661.0690428684647	57	3	1	1e-10	0.014255793235244268	0
1661.1738107736437	57	4	1	1e-10	0.011248459292974187	0
1658.3732243038041	57	5	1	0.22758921928927878	0.14281692087704242	0
1661.1637856238174	57	6	1	0.1451137733288629	0.09235807347057508	0
1661.8385699896057	57	7	1	0.07080166082543415	0.057080932803437665	0
1661.5126843704463	57	8	1	0.11119939911710867	0.0772831948440208	0
1659.762892494304	58	1	1	1e-10	0.020707294679048752	0
1661.866396066131	58	2	1	1e-10	0.0032128836283630887	0
1661.779618178931	58	3	1	1e-10	0.00530359008433719	0
1661.7587977344087	58	4	1	1e-10	0.004897320276349844	0
1660.4362678443408	58	5	1	1e-10	0.01497507980016364	0
1661.9000072538995	58	6	1	1e-10	0.0014445888715207383	0
1661.8525832913542	58	7	1	1e-10	0.003037328549108436	0
1661.805881429562	58	8	1	1e-10	0.004061871712776047	0
1655.2878852291328	59	1	1	0.1957234484468539	0.14841114421840967	0
1660.8786560432982	59	2	1	0.0875261734500517	0.07851844354130669	0
1660.7574229056552	59	3	1	1e-10	0.016070666945830613	52
1660.9296377743024	59	4	1	1e-10	0.012539480809280046	0
1657.1905381521249	59	5	1	0.23730437983437064	0.15227054878866814	0
1660.7843628360918	59	6	1	0.1775871625197474	0.11068772085340631	0
1661.5466574312354	59	7	1	0.1120153823184432	0.08686426647402262	0
1661.3473506744924	59	8	1	0.11765952303033378	0.08287089933452961	0
1659.3265339404031	60	1	1	1e-10	0.022048955786065978	0
1661.7227906780213	60	2	1	1e-10	0.006939856959482677	0
1661.5890613332822	60	3	1	1e-10	0.00853426653494649	0
1661.598223332349	60	4	1	1e-10	0.007104688439675572	0
1660.1864605990443	60	5	1	1e-10	0.0154609020182736	0
1661.8361851908546	60	6	1	1e-10	0.0034805990603247504	0
1661.7524120692246	60	7	1	1e-10	0.004912330376774526	0
1661.6829249799005	60	8	1	1e-10	0.0058756098424039335	52
1655.07119034584	61	1	1	0.16043735282898966	0.13797270363562597	0
1660.7861126406133	61	2	1	0.056661759776561585	0.06096121612541656	0
1660.2711725586023	61	3	1	0.013849031457677977	0.03334837197900339	0
1660.643634024499	61	4	1	1e-10	0.01444681481749585	0
1658.471560318065	61	5	1	0.15976120087550474	0.12198469205564473	0
1661.381174688639	61	6	1	0.11041284780816947	0.08121461996833779	0
1661.59451794494	61	7	1	0.06035147035702321	0.05874994776586604	0
1661.5795195081207	61	8	1	0.0733705794002072	0.06098875013002432	0
1658.531731634686	62	1	1	1e-10	0.026760124197246334	0
1661.546380734968	62	2	1	1e-10	0.009934693869126302	0
1661.2432700323716	62	3	1	1e-10	0.014110541998505458	0
1661.3797527392107	62	4	1	1e-10	0.009913814384936836	0
1659.7335488534184	62	5	1	1e-10	0.018026646500923844	0
1661.7520498658319	62	6	1	1e-10	0.005089242447628555	0
1661.5978094846564	62	7	1	1e-10	0.007464532568759002	0
1661.513252230577	62	8	1	1e-10	0.008212100738407007	0
1657.079151520459	63	1	1	0.08753600162929402	0.09423149058343998	0
1661.1205680653666	63	2	1	0.03064358572307373	0.038496743077416865	0
1660.827593263704	63	3	1	1e-10	0.013862859641978132	0
1660.697978133511	63	4	1	1e-10	0.014315695387585438	0
1659.6963489976492	63	5	1	0.11109712050238414	0.093012598921738035	0
1661.5598977598713	63	6	1	0.08810473132766207	0.0664124451181414	0
1661.7852999453905	63	7	1	0.02799123496880716	0.029827434464017418	0
1661.6214657753187	63	8	1	0.07290022331954951	0.05993523949336777	0
1659.4380699769854	64	1	1	1e-10	0.020142548442333322	0
1661.6957853571819	64	2	1	1e-10	0.0064235044958700005	0
1661.5481534803682	64	3	1	1e-10	0.008228717247327218	0
1661.4601752421654	64	4	1	1e-10	0.00891728329010714	0
1659.7842480336278	64	5	1	1e-10	0.018061568859484952	0
1661.7804146752512	64	6	1	1e-10	0.004629243399459904	0
1661.66094595656	64	7	1	1e-10	0.0064269911997072125	0
1661.4589184442266	64	8	1	1e-10	0.0099236121603322	0
1655.551272582314	65	1	1	0.048750860710199295	0.10170176632227658	0
1661.8379737997989	65	2	1	1e-10	0.00444092684451822	0
1661.734288150579	65	3	1	1e-10	0.006511333565349285	0
1661.7070898999439	65	4	1	1e-10	0.006080284857781836	0
1661.0645335322558	65	5	1	0.0793219074611831	0.07474279209646562	0
1661.62561368375	65	6	1	0.014558556144754825	0.005966376622382151	0
1661.7669026367691	65	7	1	0.00568637887137077	1e-10	0
1661.8549005458103	65	8	1	0.00299295725521182	9.999999960041972e-11	0
1660.2094487829809	66	1	1	1e-10	0.023674495097762382	0
1661.8451036676004	66	2	1	0.004162553264560524	1e-10	0
1661.9059808109218	66	3	1	0.001276965332257512	1e-10	0
1661.9140368772044	66	4	1	1e-10	1e-10	0
1660.9516064823968	66	5	1	1e-10	0.014391163468335426	0
1661.8368510789708	66	6	1	0.003576847321733646	1e-10	0
1661.8950692355581	66	7	1	0.001669021490653792	1e-10	0
1661.910226985218	66	8	1	6.016817075697889e-4	1e-10	0
1657.6130477602023	67	1	1	1e-10	0.03623569969350091	0
1661.7149325878718	67	2	1	1e-10	0.006693678411555956	0
1661.6005921650283	67	3	1	9.999999960041972e-11	0.007790717398003534	0
1661.58467067126	67	4	1	1e-10	0.007055654208618227	0
1660.5689114649347	67	5	1	0.09626885392335055	0.08769470063372105	0
1661.75918586079	67	6	1	0.02415986551167584	0.015945578327303155	0
1661.8696730540441	67	7	1	0.0032522606529508617	1e-10	0
1661.9054565485862	67	8	1	0.0011624900178173272	1e-10	0
1660.0700927796213	68	1	1	1e-10	0.021610272856362887	0
1661.9095357596789	68	2	1	0.0010615468497529824	1e-10	0
1661.905638676631	68	3	1	1e-10	0.0013415433127338884	0
1661.888034288954	68	4	1	1e-10	0.002057802891798778	0
1660.8312561144755	68	5	1	1e-10	0.013571438339109818	0
1661.900615104047	68	6	1	0.0014491996871266802	1e-10	0
1661.9140368772044	68	7	1	1e-10	1e-10	0
1661.9054473281644	68	8	1	1e-10	0.0011420467558390793	0
1656.6994150683338	69	1	1	1e-10	0.040841159351146926	0
1661.5811727212397	69	2	1	1e-10	0.008497434625244427	0
1661.364457570346	69	3	1	1e-10	0.011070517515273295	0
1661.4071881525733	69	4	1	1e-10	0.00902825051239649	0
1660.6362212046586	69	5	1	0.0430677868969481	0.05349596925513646	0
1661.864332193369	69	6	1	0.016994680090214657	0.012744734549062334	0
1661.9095800932819	69	7	1	0.0010249463034399673	1e-10	0
1661.9134488393877	69	8	1	3.240082709958957e-4	6.125443245275299e-4	0
1659.053508505015	70	1	1	1e-10	0.030316489541886177	0
1661.9053788187048	70	2	1	1e-10	0.0016653801974790136	0
1661.8404975113674	70	3	1	1e-10	0.004679294808554153	0
1661.8184745314888	70	4	1	1e-10	0.004323640645640703	0
1660.3700925451626	70	5	1	1e-10	0.017334205999336393	0
1661.9140368772044	70	6	1	1e-10	1e-10	0
1661.894265971316	70	7	1	1e-10	0.001864099029732053	0
1661.8627202313112	70	8	1	1e-10	0.0030203113828669477	0
1658.288287405132	71	1	1	9.999999960041972e-11	0.02909495551554245	0
1661.6928087359076	71	2	1	1e-10	0.006106522534522223	0
1661.5667636506778	71	3	1	1e-10	0.007434951844133888	0
1661.4604270698394	71	4	1	9.999999981726015e-11	0.008531190304286621	0
1661.06622368333	71	5	1	0.01788425251339227	0.028513693181387224	0
1661.8596151079826	71	6	1	0.01897010751095379	0.014711330399312375	0
1661.9057330123399	71	7	1	0.0011429481981043929	9.999999960041972e-11	0
1661.9139222326157	71	8	1	4.149562589437047e-4	3.121407919272891e-4	52
1660.1407957068718	72	1	1	1e-10	0.019483770011683103	0
1661.9130023300518	72	2	1	1e-10	4.594317051121739e-4	52
1661.884873883643	72	3	1	1e-10	0.0022861467991727403	0
1661.8480756023878	72	4	1	1e-10	0.00344660066408861	0
1660.469614347072	72	5	1	1e-10	0.016785451746140392	0
1661.9140368772044	72	6	1	1e-10	1e-10	0
1661.9047675126153	72	7	1	1e-10	0.0012116457717844995	0
1661.8699652287182	72	8	1	1e-10	0.0031423748425077405	0
1654.9094920055404	73	1	1	0.07006697868708524	0.09987156924541421	0
1660.8889651243055	73	2	1	0.006200527044085771	0.021881213790477468	0
1660.837997504643	73	3	1	1e-10	0.014320067640916803	0
1660.8585023132375	73	4	1	1e-10	0.012899714798565663	0
1659.366798243832	73	5	1	0.10916805963460556	0.0975082313805302	0
1661.7303940375557	73	6	1	0.06778421875627348	0.05582110624281862	0
1661.8239134814116	73	7	1	0.0030134440857578094	0.00720421453223	0
1661.787552340362	73	8	1	0.03461100814729274	0.033811129952792375	0
1658.111302559737	74	1	1	1e-10	0.0317324825955847	0
1661.5979919847227	74	2	1	1e-10	0.010242942746547502	0
1661.5373197981216	74	3	1	1e-10	0.009113385201129774	0
1661.508693979618	74	4	1	1e-10	0.008479216152552904	0
1659.530223613826	74	5	1	1e-10	0.020771740681504745	0
1661.7885309494118	74	6	1	1e-10	0.004874432904952933	0
1661.7142759437324	74	7	1	1e-10	0.0055098699921865175	0
1661.6029396514816	74	8	1	9.999999960041972e-11	0.007281678404625202	0
1655.1439631170658	75	1	1	0.06423242176705012	0.09093125722442484	0
1660.3834860928005	75	2	1	0.01297106197395941	0.03202918231655175	0
1660.4879307717338	75	3	1	1e-10	0.01624342474652425	0
1660.5592391531286	75	4	1	1e-10	0.014331331228557231	0
1657.9713504842132	75	5	1	0.1392919065235256	0.11927853233354431	0
1661.3970482354932	75	6	1	0.09410268169264412	0.07837038456880681	0
1661.6097072201007	75	7	1	0.019296365491697758	0.026788474951996658	0
1661.607934932408	75	8	1	0.04078169721294175	0.04124270497580252	0
1657.3977694707035	76	1	1	1e-10	0.0335944472322872	0
1661.0589656333548	76	2	1	1e-10	0.019393853058347663	0
1661.1944501920893	76	3	1	1e-10	0.01327918476484394	0
1661.2163592255079	76	4	1	1e-10	0.011500373260811554	0
1659.1950610906777	76	5	1	1e-10	0.021208659106654336	0
1661.6085390342562	76	6	1	1e-10	0.007934754769425425	0
1661.543453832442	76	7	1	1e-10	0.007567099286715549	0
1661.3885623025942	76	8	1	1e-10	0.0094594216532864	0
1654.7559889806842	77	1	1	0.016977267353306937	0.05664328448122658	0
1660.1982193451308	77	2	1	0.0020177642100939917	0.021793457555121253	0
1660.0394598171736	77	3	1	1e-10	0.019307122451776362	0
1660.2522701297664	77	4	1	1e-10	0.01599088157988068	0
1658.7327597407398	77	5	1	0.06952925642074734	0.07889437287966994	0
1661.5495275025646	77	6	1	0.0513548187434349	0.050559138036642234	0
1661.4547585216494	77	7	1	0.002230821148250199	0.01285942316908086	0
1661.5241658928023	77	8	1	0.0045858866195747265	0.012335204503765119	0
1655.9404609776218	78	1	1	1e-10	0.04194501762845622	0
1660.5249613591395	78	2	1	1e-10	0.026207383301967223	0
1660.5863024258772	78	3	1	1e-10	0.02093270082212685	0
1660.8275836325563	78	4	1	1e-10	0.015511981145374852	0
1658.5383015297512	78	5	1	1e-10	0.024631274290925962	0
1661.4294629063	78	6	1	1e-10	0.01011756439550249	0
1661.2958586605662	78	7	1	1e-10	0.010587776263556442	0
1661.0996085375991	78	8	1	1e-10	0.01252955018868281	0
1656.5151230335164	79	1	1	1e-10	0.031360606132388155	0
1660.692651232302	79	2	1	1e-10	0.014570555525495573	0
1660.6220800198835	79	3	1	1e-10	0.013709102271332915	0
1660.3592492775076	79	4	1	1e-10	0.015403373717052023	0
1659.7043802055325	79	5	1	0.04217608536402524	0.053812532011403305	0
1661.7014581279366	79	6	1	0.041051954272914	0.03982870658823732	0
1661.6557692538993	79	7	1	1e-10	0.0064120949929403395	0
1661.5912205784866	79	8	1	0.005369136251931387	0.012141959697506303	0
1658.0522905646842	80	1	1	1e-10	0.027825785802049023	0
1661.2574230031973	80	2	1	1e-10	0.013140820833749147	0
1661.2230032719244	80	3	1	1e-10	0.011437671497224716	0
1661.0140944677405	80	4	1	1e-10	0.013432230537690769	52
1658.7030296574283	80	5	1	1e-10	0.023958292258195155	0
1661.5039366570204	80	6	1	1e-10	0.009127312556174022	0
1661.4168244522716	80	7	1	1e-10	0.00897539941460843	0
1660.9673020719415	80	8	1	1e-10	0.015241133741002885	0
1658.5456223074245	81	1	1	0.21558716796637536	0.14068746765632964	0
1661.256644726246	81	2	1	0.11933716377066901	0.07742838055869952	0
1661.8529038247295	81	3	1	0.048765716059597466	0.04035849880845287	0
1661.505293977769	81	4	1	0.10635145803424043	0.07253014626284877	0
1659.739482518529	81	5	1	0.19417639783402318	0.11607858513113074	0
1659.756068054444	81	6	1	0.144732481461959	0.07820091189998037	0
1660.865326862267	81	7	1	0.08887825251286563	0.0532076533019975	0
1660.2164688309206	81	8	1	0.14868715482504216	0.08235683341980271	0
1661.3630230659383	82	1	1	1e-10	0.012766296819772198	0
1661.2428626756919	82	2	1	0.015691517487451897	1e-10	0
1661.6085416521485	82	3	1	0.009047475187463589	1e-10	0
1661.743848035334	82	4	1	0.006127703359483664	1e-10	0
1661.6374229962908	82	5	1	1e-10	0.007269098277676688	0
1661.4416010407733	82	6	1	0.009765536043712827	1e-10	0
1661.6520518343189	82	7	1	0.006728519828127598	1e-10	0
1661.693251842889	82	8	1	0.006770091078024622	1e-10	0
1658.8907474564523	83	1	1	0.16535350742602206	0.1196695534023312	0
1661.2311964739642	83	2	1	0.11951825780318742	0.07991842714826188	0
1661.797857793802	83	3	1	0.054435982828010925	0.046579122885703	0
1661.4898130089293	83	4	1	0.09817267448938528	0.07041800426911675	0
1659.4149012857931	83	5	1	0.19319051061378584	0.11980167606503604	0
1659.7094849680986	83	6	1	0.15479250850031442	0.08201430257547575	0
1660.9803699654587	83	7	1	0.09540640870804334	0.057878704012016106	0
1660.2839703746972	83	8	1	0.15057032910799092	0.0840466246236181	0
1661.0838672612122	84	1	1	1e-10	0.014789513998793802	0
1661.4761784697898	84	2	1	0.01421087258346975	1e-10	0
1661.7805906771105	84	3	1	0.006121109488114797	1e-10	0
1661.8591949551803	84	4	1	0.0034850334226324067	1e-10	0
1661.4827692072013	84	5	1	9.999999960041972e-11	0.008488532428230593	0
1661.6365352626042	84	6	1	0.007591139859466812	1e-10	0
1661.793410519492	84	7	1	0.004476578090179347	1e-10	0
1661.8312155687172	84	8	1	0.0040067665946502485	1e-10	0
1658.6352104656955	85	1	1	0.12927065444972338	0.11056986548444504	0
1661.4921765672998	85	2	1	0.09093738722187426	0.06811753809042334	0
1661.761040081698	85	3	1	0.040278230392587114	0.039643783355932126	0
1661.6236451780403	85	4	1	0.06895125458024623	0.05679108397270098	0
1660.0795035805752	85	5	1	0.15396754374297247	0.1051520946428766	0
1660.3406542121957	85	6	1	0.12991543952372178	0.07316315142098528	0
1661.2562753945226	85	7	1	0.07842098056505233	0.04873408818177128	0
1660.7222100149936	85	8	1	0.13305500377652732	0.07685664724593678	0
1660.2529631855248	86	1	1	1e-10	0.02537525673417251	0
1661.584663893281	86	2	1	0.01485670354608921	1e-10	0
1661.8334918498936	86	3	1	0.006356916201734326	1e-10	0
1661.900760551549	86	4	1	0.0020295120184335887	1e-10	0
1661.1673977896385	86	5	1	1e-10	0.012397280548642784	0
1661.7305693570167	86	6	1	0.006627881779695588	1e-10	0
1661.843892894442	86	7	1	0.003950590859818767	1e-10	0
1661.8802602725675	86	8	1	0.0029268951129432902	1e-10	0
1659.7566070927883	87	1	1	0.0929590886837411	0.08477199918438001	0
1661.5793670541611	87	2	1	0.07948288759167715	0.059884279211521244	0
1661.8338165579275	87	3	1	0.03209694484123126	0.030995791945739815	0
1661.6518043506217	87	4	1	0.0690442946891836	0.056163981768029274	0
1660.6024621330853	87	5	1	0.12680667135893747	0.08877978570136351	0
1660.4836415756395	87	6	1	0.11999078590769302	0.07030597980969902	0
1661.3256381685362	87	7	1	0.07801580428339654	0.051102133002126106	0
1660.7343160225273	87	8	1	0.12923176528109323	0.07537616135932557	0
1661.012636294791	88	1	1	1e-10	0.01448061660482561	0
1661.717065505597	88	2	1	0.0077114567027439665	1e-10	0
1661.8570473748437	88	3	1	0.003635875345148266	1e-10	0
1661.8905440079334	88	4	1	0.0024946534726485825	1e-10	0
1661.25915074587	88	5	1	1e-10	0.01144510870840873	0
1661.70494241824	88	6	1	0.006851677437075297	1e-10	0
1661.8327421890494	88	7	1	0.003933091237465474	1e-10	0
1661.8438676887765	88	8	1	0.004917597367428381	1e-10	0
1654.5229041235793	89	1	1	0.16452427226049127	0.14541251795545565	0
1661.0113807406199	89	2	1	0.014372553925187381	0.026767540670548817	0
1660.6027131273552	89	3	1	1e-10	0.016703384193272247	0
1660.8004419668216	89	4	1	1e-10	0.013065947921293031	0
1658.6223946052462	89	5	1	0.15883628975552538	0.12227256109592383	0
1661.6158094219043	89	6	1	0.08828329916773865	0.06816866428796446	0
1661.7608929318437	89	7	1	0.0058864895352161864	0.011968319189423843	0
1661.729407261862	89	8	1	0.05196310820361939	0.04667244836446474	0
1658.371547440526	90	1	1	1e-10	0.028750437177871947	0
1661.6420807718691	90	2	1	1e-10	0.007940007027877312	0
1661.441685224181	90	3	1	1e-10	0.010559365204209144	0
1661.4817302150486	90	4	1	1e-10	0.008444820467107097	0
1659.5653858043281	90	5	1	1e-10	0.019884261911946605	0
1661.7832786167887	90	6	1	9.999999981726015e-11	0.004488148251166921	0
1661.6601723698961	90	7	1	1e-10	0.0064028943055347756	0
1661.5712774846747	90	8	1	1e-10	0.0074331573650231264	0
1655.490918780096	91	1	1	0.10844652036297114	0.1119793033229575	0
1660.6767218795496	91	2	1	0.02139403458608799	0.03482928039938351	0
1660.3059674239198	91	3	1	1e-10	0.01762871455708554	0
1660.5603877990734	91	4	1	1e-10	0.013822124457814312	0
1657.4220057119724	91	5	1	0.17212189375623185	0.13324962425261394	0
1661.301005078859	91	6	1	0.10815612152938138	0.08375348373114366	0
1661.439674425189	91	7	1	0.044291325413748105	0.04994534268654411	0
1661.583026403988	91	8	1	0.0054814789768913704	0.012846715844061647	0
1657.9782647232612	92	1	1	1e-10	0.02868044658707735	0
1661.3362195396421	92	2	1	1e-10	0.012254677250120504	0
1661.103305410422	92	3	1	1e-10	0.014068256905864497	0
1661.2312407938618	92	4	1	1e-10	0.010666839378887365	0
1659.3579709370313	92	5	1	1e-10	0.0194519191426972	0
1661.6387224671257	92	6	1	1e-10	0.00657842357654371	0
1661.4850434270525	92	7	1	1e-10	0.008187668883515038	0
1661.3810632364002	92	8	1	1e-10	0.00904725852369661	0
1654.417316522001	93	1	1	0.08338502448279855	0.10378454843136924	0
1660.362677378104	93	2	1	0.006135976746684803	0.023160381836133087	0
1659.5544269432323	93	3	1	1e-10	0.02348874483606928	0
1660.1342728939667	93	4	1	1e-10	0.01657568528273032	0
1657.9729332413322	93	5	1	0.11050795631022546	0.10516529477855803	0
1661.461647076347	93	6	1	0.06703104427251472	0.06088485954048201	0
1661.1404661917152	93	7	1	0.010977788067004685	0.02718202248585478	0
1661.4286611939694	93	8	1	0.002457655887013279	0.011577417300433785	0
1656.1741863745917	94	1	1	1e-10	0.03934100157360211	0
1660.896381570035	94	2	1	1e-10	0.01800516553420867	0
1660.1456173939812	94	3	1	1e-10	0.026418526240565045	0
1660.7748072936329	94	4	1	1e-10	0.015506314019492682	0
1658.5002720492973	94	5	1	1e-10	0.024301158528452074	0
1661.4556347540527	94	6	1	1e-10	0.00894563892953898	0
1661.1379422230832	94	7	1	1e-10	0.012552970761508228	0
1661.0341995419303	94	8	1	1e-10	0.012858618227767946	0
1656.2202066151829	95	1	1	0.007554577088401347	0.039730435844092866	0
1660.736828366526	95	2	1	1e-10	0.013483763585724643	0
1660.3212877656101	95	3	1	9.999999960041972e-11	0.016315156417188115	0
1660.209627036	95	4	1	1e-10	0.016327241528831006	0
1659.267499407142	95	5	1	0.06754251794402565	0.07306351345418213	0
1661.6401450894957	95	6	1	0.05210172887796802	0.04789891511156293	0
1661.5242701262946	95	7	1	1.0000000003410059e-10	0.009066380016119716	0
1661.502050606613	95	8	1	0.0032541159561852123	0.011428314315561289	0
1657.9912549428975	96	1	1	1e-10	0.02757558874232387	52
1661.3156612999492	96	2	1	1e-10	0.011204117549585713	0
1661.0357900786937	96	3	1	1e-10	0.013759877331017793	0
1660.9362152852095	96	4	1	1e-10	0.013883769431521718	0
1658.5828306215437	96	5	1	1e-10	0.024233654139109405	0
1661.5105981695024	96	6	1	1e-10	0.008347820291041192	0
1661.2783745019474	96	7	1	1e-10	0.010806482917024286	0
1660.8587068522063	96	8	1	1e-10	0.01609250991621818	0
1654.272627791617	97	1	1	1e-10	0.06539720985643398	0
1661.694924345393	97	2	1	1e-10	0.007685279312921306	0
1661.4845455458726	97	3	1	1e-10	0.011017576894823487	0
1661.5253925591123	97	4	1	1e-10	0.008548643960594064	0
1660.7575759789738	97	5	1	1e-10	0.01834788336379056	0
1661.7681137918335	97	6	1	0.005836215084752799	1e-10	0
1661.856357997015	97	7	1	0.003889896678662348	1e-10	0
1661.9022864131239	97	8	1	0.0013648089063611328	1e-10	0
1660.1078270504447	98	1	1	1e-10	0.02165991813580597	0
1661.9079910882483	98	2	1	0.0011051248531011907	1e-10	0
1661.9084341047799	98	3	1	1e-10	0.0011156221551775016	0
1661.8934127276862	98	4	1	1e-10	0.0018099488369160454	0
1660.746692741772	98	5	1	1e-10	0.014909451328037381	0
1661.8978105471097	98	6	1	0.001546792612296287	1e-10	0
1661.9140368772044	98	7	1	1e-10	1e-10	0
1661.9076366335698	98	8	1	1e-10	0.001018642848161331	0
1657.1475513267662	99	1	1	1e-10	0.03654972007691871	0
1661.5421503466914	99	2	1	1e-10	0.009034177491504695	0
1661.3486779001244	99	3	1	1e-10	0.010948435742761607	0
1661.4010996768807	99	4	1	1e-10	0.00882786638330124	0
1660.4101129872847	99	5	1	1e-10	0.019858758012112787	0
1661.871533636818	99	6	1	0.0033254989797163875	1e-10	0
1661.912869251577	99	7	1	3.151436124359014e-4	1e-10	0
1661.9115411867974	99	8	1	9.999999960041972e-11	5.735284878356205e-4	0
1660.0448916063694	100	1	1	1e-10	0.019361134209608645	0
1661.9026937376836	100	2	1	1e-10	0.0015902061602610566	0
1661.8519057016674	100	3	1	1e-10	0.003518331627313723	0
1661.8305666961712	100	4	1	3.8272250045829194e-4	0.003969851278422841	0
1660.6781526477214	100	5	1	1e-10	0.013554233949656578	0
1661.9137838992453	100	6	1	1e-10	7.112709081842097e-5	0
1661.891813391617	100	7	1	1e-10	0.001772027061377827	52
1661.863956113265	100	8	1	1e-10	0.0026459854227759774	0
1656.6001999365665	101	1	1	1e-10	0.0381085700149526	0
1661.3978651850448	101	2	1	1e-10	0.010203279690540908	0
1661.0420307599936	101	3	1	1e-10	0.014282321147917118	0
1661.2028198639748	101	4	1	1e-10	0.010528043810945914	0
1660.323890238071	101	5	1	1e-10	0.01872757259965225	0
1661.9115909155305	101	6	1	6.891515816521657e-4	1e-10	0
1661.900542193505	101	7	1	1e-10	0.00192610332552575	0
1661.8868787045915	101	8	1	1e-10	0.0020301840375779503	0
1659.377178586881	102	1	1	1e-10	0.024021754678943588	0
1661.8494467475136	102	2	1	1e-10	0.003893189937756856	0
1661.7275331119026	102	3	1	1e-10	0.006880057837276038	0
1661.7302465281944	102	4	1	1e-10	0.005487553423982736	0
1660.292278541761	102	5	1	1e-10	0.016146293645477598	0
1661.894119956326	102	6	1	1e-10	0.0017353445917152965	0
1661.8342581934878	102	7	1	1e-10	0.0036262686922849717	0
1661.788407122354	102	8	1	1e-10	0.004416365197562932	0
1658.0698930040633	103	1	1	1e-10	0.028211755216896693	0
1661.5538640424925	103	2	1	1e-10	0.007562413936114054	0
1661.3596736429486	103	3	1	1e-10	0.00954243890978834	0
1661.2675733577905	103	4	1	1e-10	0.010010697417406534	0
1660.8111233401348	103	5	1	1e-10	0.01345014253224531	0
1661.9078506799276	103	6	1	9.332353141720406e-4	1e-10	0
1661.9112189734399	103	7	1	9.999999960041972e-11	6.761657358345573e-4	0
1661.8985237786985	103	8	1	1e-10	0.0014882016273454082	0
1660.161754807928	104	1	1	1e-10	0.017113310271762987	0
1661.883208516249	104	2	1	1e-10	0.002261650981131422	0
1661.819737901529	104	3	1	1e-10	0.003906438126333174	0
1661.7721121881914	104	4	1	1e-10	0.004649175444969356	0
1660.390341372447	104	5	1	1e-10	0.0156404444112271	0
1661.9033285793657	104	6	1	1e-10	0.0012563566967997647	0
1661.8600154351338	104	7	1	1e-10	0.0028374473580513176	0
1661.7915260745506	104	8	1	1e-10	0.004816690219527035	0
1654.0387264486178	105	1	1	1e-10	0.04784089994643545	0
1660.4562662606024	105	2	1	1e-10	0.01913952867766572	0
1660.2773358524382	105	3	1	1e-10	0.01891823312600579	0
1660.4840844978783	105	4	1	1e-10	0.015329573519701522	0
1659.1496193027124	105	5	1	0.002480416532645435	0.027476434615827744	0
1661.7888463547802	105	6	1	1e-10	0.005662831279250533	0
1661.6480186056067	105	7	1	1e-10	0.008168369466680031	0
1661.6720925025206	105	8	1	1e-10	0.006201424848163887	0
1658.1772000598273	106	1	1	1e-10	0.02848407543374087	0
1661.4302634112132	106	2	1	1e-10	0.011447286815491281	0
1661.316785901853	106	3	1	1e-10	0.011326993092314983	0
1661.3456888018522	106	4	1	1e-10	0.009601286220282041	0
1659.325444221563	106	5	1	1e-10	0.020517012127968737	0
1661.674240593824	106	6	1	1e-10	0.006453497598376392	0
1661.5643617090666	106	7	1	1e-10	0.00733718174374815	0
1661.4408512852929	106	8	1	1e-10	0.008739055862402126	0
1654.7788338118128	107	1	1	1e-10	0.04004917402135723	0
1659.9683272111185	107	2	1	1e-10	0.021873203063490967	0
1659.9385507704533	107	3	1	1e-10	0.01990718796576371	0
1660.2077074700742	107	4	1	1e-10	0.016100681739319177	0
1658.1075854651922	107	5	1	0.0442389332537218	0.06836227135868349	0
1661.4548471679955	107	6	1	0.0026120219562264075	0.015836202175294238	0
1661.2425795459517	107	7	1	1e-10	0.014892497256010741	0
1661.4238250564206	107	8	1	1e-10	0.009492745465500824	0
1657.7305199914395	108	1	1	1e-10	0.028816548956131595	0
1660.9514753890605	108	2	1	1e-10	0.0173874850966955	0
1660.946783693082	108	3	1	1e-10	0.01473733601499734	0
1661.0554730591818	108	4	1	1e-10	0.011918907282931927	0
1659.0958734409533	108	5	1	1e-10	0.020203673554133553	0
1661.4670230001398	108	6	1	1e-10	0.00895156599616479	0
1661.3645285955063	108	7	1	1e-10	0.009096124557986996	0
1661.2181196569334	108	8	1	1e-10	0.010390697373887162	0
1654.6966471758533	109	1	1	1e-10	0.038605810469821755	0
1659.8897215190825	109	2	1	1e-10	0.020613606296013103	0
1659.4836840837984	109	3	1	1e-10	0.02239236460325431	0
1659.9336354879692	109	4	1	1e-10	0.01717154491839827	0
1658.4477248304781	109	5	1	1e-10	0.02622339082993987	0
1661.4241449304159	109	6	1	1e-10	0.011138448497250831	0
1661.072326964728	109	7	1	1e-10	0.015500446791468609	0
1661.314591185382	109	8	1	1e-10	0.009828578879733287	0
1656.899078634524	110	1	1	1e-10	0.03266591125997106	0
1660.6121119818977	110	2	1	1e-10	0.020219184837051027	0
1660.373237099456	110	3	1	1e-10	0.020595633666275873	0
1660.7133712399348	110	4	1	1e-10	0.014760917633618401	0
1658.611590545103	110	5	1	1e-10	0.02225793835203175	0
1661.2959349204727	110	6	1	1e-10	0.010423843857170299	0
1661.0901279801342	110	7	1	1e-10	0.011804582710913027	0
1660.9396496799886	110	8	1	1e-10	0.01276076182703888	0
1656.3369973047409	111	1	1	1e-10	0.030341585883212945	0
1660.438217627076	111	2	1	1e-10	0.015488857158962952	0
1660.2501618623332	111	3	1	1e-10	0.015749731418586432	0
1660.0555907251653	111	4	1	1e-10	0.016542007587426334	0
1659.396666095843	111	5	1	1e-10	0.019462055485627423	0
1661.6184094255086	111	6	1	1e-10	0.007183850913498034	0
1661.4527604116101	111	7	1	1e-10	0.00894448533349881	0
1661.408090039195	111	8	1	1e-10	0.00871845845959566	0
1658.3480356019065	112	1	1	1e-10	0.023750539089889312	0
1661.1586379198345	112	2	1	1e-10	0.012310963844343744	0
1661.0409985703666	112	3	1	1e-10	0.012158995196983782	0
1660.8928350917158	112	4	1	1e-10	0.013037990388562378	0
1658.7683800640148	112	5	1	1e-10	0.021643795024676834	0
1661.376029047719	112	6	1	1e-10	0.009551588940134753	0
1661.2369703480558	112	7	1	9.999999981726015e-11	0.010136300454089545	0
1660.8103931725134	112	8	1	1e-10	0.015030277326794262	0
1659.5129217624244	113	1	1	0.08573047755058444	0.0896313666752012	0
1661.912188553426	113	2	1	0.009939236730216364	0.009472128573938792	0
1661.888980461925	113	3	1	1e-10	0.002429636358698318	0
1661.8639132759129	113	4	1	1e-10	0.003002772588193177	0
1661.2392948994327	113	5	1	0.10154181508358978	0.08016647891175087	0
1661.120245828962	113	6	1	0.057398723461708406	0.03422380759106043	0
1661.3909967792838	113	7	1	0.012503512040207313	1e-10	0
1661.5729184220788	113	8	1	0.06047591434215241	0.041465058277702443	0
1661.2378468522793	114	1	1	1e-10	0.012393744194897577	0
1661.6333468703901	114	2	1	0.008500006972688169	1e-10	0
1661.790389677249	114	3	1	0.0053423480872153645	1e-10	0
1661.8623664764916	114	4	1	0.0030324283355785695	1e-10	52
1661.5097696395278	114	5	1	1e-10	0.008174237456523167	0
1661.669714256835	114	6	1	0.006408387042075975	1e-10	0
1661.7860745018502	114	7	1	0.0045438282037029015	1e-10	0
1661.8293783284257	114	8	1	0.003851040930332888	1e-10	0
1659.6708093086102	115	1	1	0.0654572044087431	0.07276030933966719	0
1661.8678586696387	115	2	1	0.029165095288602276	0.028653918777594864	0
1661.8079450027392	115	3	1	1e-10	0.004626370119866798	0
1661.7789855445067	115	4	1	1e-10	0.004617781242191814	0
1660.8961647473873	115	5	1	0.10735608287530092	0.08634566285570491	0
1661.2406823631973	115	6	1	0.06611352413699374	0.040393234903116956	0
1661.5920408290128	115	7	1	0.010832604104881212	9.999999997989048e-11	0
1661.6605515179717	115	8	1	0.06690012438844382	0.047207771822523024	0
1661.0135700724484	116	1	1	1e-10	0.01334973988073407	0
1661.7924041041165	116	2	1	0.005795112415953961	1e-10	0
1661.8871217935412	116	3	1	0.0024646904419761153	1e-10	52
1661.9103150984827	116	4	1	7.852987629187195e-4	1e-10	0
1661.3649240443053	116	5	1	1e-10	0.008826681335130614	0
1661.802232155929	116	6	1	0.004286932461183302	1e-10	0
1661.8759594898636	116	7	1	0.002387587921814326	1e-10	0
1661.8990905927924	116	8	1	0.0015421682929449795	1e-10	52
1659.1970573026194	117	1	1	1e-10	0.024568926807624025	0
1661.80863278361	117	2	1	0.017690075260919414	0.021082297241086657	0
1661.658521278941	117	3	1	1e-10	0.007894207023542134	0
1661.6542945258154	117	4	1	1e-10	0.006696589996445447	0
1661.0389038368828	117	5	1	0.07111373886606456	0.06671819771655017	0
1661.537508406728	117	6	1	0.05307309628640608	0.03539485734469007	0
1661.7468281296076	117	7	1	0.00991117293250137	0.0018687341363316315	0
1661.8063430667776	117	8	1	0.04698965674642857	0.03569211800486191	0
1660.469030871702	118	1	1	1e-10	0.01882747905098979	0
1661.868462276832	118	2	1	0.0038179824890037513	1e-10	0
1661.913884536201	118	3	1	4.9609034499898136e-5	1e-10	0
1661.9088025674273	118	4	1	1e-10	0.0011001381044019793	0
1661.080644313474	118	5	1	1e-10	0.01163848573951224	0
1661.8631162643467	118	6	1	0.0030014951725987056	1e-10	0
1661.9057868335835	118	7	1	0.0012385311776231557	1e-10	52
1661.9140368772044	118	8	1	1e-10	1e-10	0
1659.9293912429505	119	1	1	0.014148078704752808	0.03174942102627115	0
1661.8550931130019	119	2	1	0.012641485367211163	0.014995013165802243	0
1661.7715143798766	119	3	1	1e-10	0.004844679113454185	0
1661.6995015384798	119	4	1	1e-10	0.005989037269079031	0
1661.3525935158732	119	5	1	0.05600645132124856	0.05305261315802929	0
1661.56298284535	119	6	1	0.054495092241904505	0.037814650067176686	0
1661.7929078338975	119	7	1	0.016061516254336407	0.010164533264370028	0
1661.7913881725378	119	8	1	0.04728251804758997	0.035617377763060586	0
1660.9829281363002	120	1	1	1e-10	0.012644140945354806	0
1661.869815799671	120	2	1	0.0029758534152178303	1e-10	0
1661.9102386573577	120	3	1	8.350602609733795e-4	1e-10	0
1661.9133794878226	120	4	1	1e-10	3.64347077008039e-4	0
1661.1687850234891	120	5	1	1e-10	0.010862923353295757	0
1661.8478519899709	120	6	1	0.0033347538143299453	1e-10	0
1661.8991306375308	120	7	1	0.001556803973080477	1e-10	0
1661.9117420465916	120	8	1	5.358331782537546e-4	1e-10	0
1653.4970969957503	121	1	1	1e-10	0.0500472212184477	0
1660.560972684889	121	2	1	1e-10	0.01698102192011813	52
1659.713545722777	121	3	1	1e-10	0.024475420807362966	0
1660.331596052598	121	4	1	1e-10	0.016357960331088137	0
1658.5325414242882	121	5	1	0.003859590774928044	0.03346766581733322	0
1661.7554440551414	121	6	1	1e-10	0.006218350183417461	0
1661.4144532445061	121	7	1	1e-10	0.013909900630414886	0
1661.5937731512226	121	8	1	1e-10	0.007550522225432561	0
1658.1078015001026	122	1	1	1e-10	0.028259981641264843	0
1661.4642628170745	122	2	1	1e-10	0.009847426592081286	0
1661.1261010086637	122	3	1	1e-10	0.014032164031122231	0
1661.2854622434027	122	4	1	1e-10	0.010040902084745786	0
1659.2113609543292	122	5	1	1e-10	0.020854069035364558	0
1661.6652716020667	122	6	1	1e-10	0.006134947276309607	52
1661.460667282295	122	7	1	1e-10	0.008877214174450242	0
1661.3778140782615	122	8	1	1e-10	0.009316089203614606	0
1654.8577769844949	123	1	1	1e-10	0.03884292953675441	0
1660.23487800944	123	2	1	9.999999960041972e-11	0.01815942727576673	0
1659.5174511680827	123	3	1	1e-10	0.02333325305090634	0
1660.132020642612	123	4	1	1e-10	0.01628536344769061	0
1657.5912406128423	123	5	1	0.060777392180964285	0.08277828186582527	0
1661.4509236415342	123	6	1	1e-10	0.01214332455652557	0
1660.7035587434061	123	7	1	3.276489062765052e-4	0.025446455474681	0
1661.3171490440336	123	8	1	1e-10	0.010839600440710594	0
1657.9015621044682	124	1	1	1e-10	0.027026987033664778	0
1661.1372935464954	124	2	1	1e-10	0.013252500277632666	0
1660.7534937976482	124	3	1	1e-10	0.01677955873979148	0
1661.0278123354801	124	4	1	1e-10	0.011748346061480305	0
1659.1079214745657	124	5	1	9.999999960041972e-11	0.01964432641454595	52
1661.4921733868446	124	6	1	1e-10	0.007914829869339536	0
1661.2577695603486	124	7	1	1e-10	0.010276558414424668	0
1661.1785950225712	124	8	1	1e-10	0.0104571358585703	0
1653.9523670699489	125	1	1	1e-10	0.04176666433668351	0
1659.9512677249018	125	2	1	1e-10	0.01927902332835293	0
1658.5655141200887	125	3	1	1e-10	0.02991532705152592	0
1659.6878011444671	125	4	1	1e-10	0.018731967389109382	0
1657.5937365895409	125	5	1	1e-10	0.03184646540514631	0
1661.3445946683198	125	6	1	1e-10	0.012000683951825337	0
1660.1557314781116	125	7	1	1e-10	0.030752797587501463	0
1661.135163034738	125	8	1	1e-10	0.012097086924948562	0
1656.618233920776	126	1	1	1e-10	0.03369079592196501	0
1660.7439958225034	126	2	1	1e-10	0.017224448793429502	0
1659.7076549551946	126	3	1	1e-10	0.028124218329365788	0
1660.5772384733705	126	4	1	1e-10	0.015760983815515016	0
1658.3825158842612	126	5	1	1e-10	0.023250134538526864	0
1661.2935847605227	126	6	1	1e-10	0.009892869957853998	0
1660.8337472242265	126	7	1	1e-10	0.014740882153053437	0
1660.8088244014755	126	8	1	9.999999981726015e-11	0.013843310325366735	0
1655.6830326910247	127	1	1	1e-10	0.033252223662313236	52
1660.4168163773775	127	2	1	1e-10	0.015156442494506336	0
1659.7372350721168	127	3	1	1e-10	0.01995858198122547	0
1659.7769460149514	127	4	1	1e-10	0.01844425887573025	0
1658.8320023304761	127	5	1	1e-10	0.023218228037756538	0
1661.558344127078	127	6	1	1e-10	0.007983952767344062	0
1661.1622709686062	127	7	1	1e-10	0.013705655291999545	0
1661.2443521333837	127	8	1	1e-10	0.010904177083584815	0
1658.0678710002196	128	1	1	1e-10	0.0250282201455054	0
1661.162797778343	128	2	1	1e-10	0.011590875613669862	0
1660.76045383502	128	3	1	1e-10	0.01533300249129694	0
1660.7484201823697	128	4	1	1e-10	0.014251962946505499	0
1658.4748841780918	128	5	1	1e-10	0.02310208760716533	0
1661.357112412315	128	6	1	1e-10	0.009321211283712102	0
1661.0178497544216	128	7	1	1e-10	0.012755394885959259	0
1660.6081806095058	128	8	1	1e-10	0.016966361608177414	0
